"",BBK01.TTA176,BBK01.TTA176_FLAGS
"",Revaluation accounts,
unit,EURO (hypothetically euro-based),
unit multiplier,million,
last update,2015-02-02 10:42:59,
1999-01-01,59931,
1999-01-02,.,No value available
1999-01-03,.,No value available
1999-01-04,.,No value available
1999-01-05,.,No value available
1999-01-06,.,No value available
1999-01-07,.,No value available
1999-01-08,59681,
1999-01-09,.,No value available
1999-01-10,.,No value available
1999-01-11,.,No value available
1999-01-12,.,No value available
1999-01-13,.,No value available
1999-01-14,.,No value available
1999-01-15,59681,
1999-01-16,.,No value available
1999-01-17,.,No value available
1999-01-18,.,No value available
1999-01-19,.,No value available
1999-01-20,.,No value available
1999-01-21,.,No value available
1999-01-22,59681,
1999-01-23,.,No value available
1999-01-24,.,No value available
1999-01-25,.,No value available
1999-01-26,.,No value available
1999-01-27,.,No value available
1999-01-28,.,No value available
1999-01-29,59658,
1999-01-30,.,No value available
1999-01-31,.,No value available
1999-02-01,.,No value available
1999-02-02,.,No value available
1999-02-03,.,No value available
1999-02-04,.,No value available
1999-02-05,59658,
1999-02-06,.,No value available
1999-02-07,.,No value available
1999-02-08,.,No value available
1999-02-09,.,No value available
1999-02-10,.,No value available
1999-02-11,.,No value available
1999-02-12,59658,
1999-02-13,.,No value available
1999-02-14,.,No value available
1999-02-15,.,No value available
1999-02-16,.,No value available
1999-02-17,.,No value available
1999-02-18,.,No value available
1999-02-19,59658,
1999-02-20,.,No value available
1999-02-21,.,No value available
1999-02-22,.,No value available
1999-02-23,.,No value available
1999-02-24,.,No value available
1999-02-25,.,No value available
1999-02-26,59658,
1999-02-27,.,No value available
1999-02-28,.,No value available
1999-03-01,.,No value available
1999-03-02,.,No value available
1999-03-03,.,No value available
1999-03-04,.,No value available
1999-03-05,59658,
1999-03-06,.,No value available
1999-03-07,.,No value available
1999-03-08,.,No value available
1999-03-09,.,No value available
1999-03-10,.,No value available
1999-03-11,.,No value available
1999-03-12,59658,
1999-03-13,.,No value available
1999-03-14,.,No value available
1999-03-15,.,No value available
1999-03-16,.,No value available
1999-03-17,.,No value available
1999-03-18,.,No value available
1999-03-19,59658,
1999-03-20,.,No value available
1999-03-21,.,No value available
1999-03-22,.,No value available
1999-03-23,.,No value available
1999-03-24,.,No value available
1999-03-25,.,No value available
1999-03-26,59658,
1999-03-27,.,No value available
1999-03-28,.,No value available
1999-03-29,.,No value available
1999-03-30,.,No value available
1999-03-31,.,No value available
1999-04-01,.,No value available
1999-04-02,78685,
1999-04-03,.,No value available
1999-04-04,.,No value available
1999-04-05,.,No value available
1999-04-06,.,No value available
1999-04-07,.,No value available
1999-04-08,.,No value available
1999-04-09,78479,
1999-04-10,.,No value available
1999-04-11,.,No value available
1999-04-12,.,No value available
1999-04-13,.,No value available
1999-04-14,.,No value available
1999-04-15,.,No value available
1999-04-16,78479,
1999-04-17,.,No value available
1999-04-18,.,No value available
1999-04-19,.,No value available
1999-04-20,.,No value available
1999-04-21,.,No value available
1999-04-22,.,No value available
1999-04-23,78479,
1999-04-24,.,No value available
1999-04-25,.,No value available
1999-04-26,.,No value available
1999-04-27,.,No value available
1999-04-28,.,No value available
1999-04-29,.,No value available
1999-04-30,78479,
1999-05-01,.,No value available
1999-05-02,.,No value available
1999-05-03,.,No value available
1999-05-04,.,No value available
1999-05-05,.,No value available
1999-05-06,.,No value available
1999-05-07,78479,
1999-05-08,.,No value available
1999-05-09,.,No value available
1999-05-10,.,No value available
1999-05-11,.,No value available
1999-05-12,.,No value available
1999-05-13,.,No value available
1999-05-14,78479,
1999-05-15,.,No value available
1999-05-16,.,No value available
1999-05-17,.,No value available
1999-05-18,.,No value available
1999-05-19,.,No value available
1999-05-20,.,No value available
1999-05-21,78479,
1999-05-22,.,No value available
1999-05-23,.,No value available
1999-05-24,.,No value available
1999-05-25,.,No value available
1999-05-26,.,No value available
1999-05-27,.,No value available
1999-05-28,78479,
1999-05-29,.,No value available
1999-05-30,.,No value available
1999-05-31,.,No value available
1999-06-01,.,No value available
1999-06-02,.,No value available
1999-06-03,.,No value available
1999-06-04,78479,
1999-06-05,.,No value available
1999-06-06,.,No value available
1999-06-07,.,No value available
1999-06-08,.,No value available
1999-06-09,.,No value available
1999-06-10,.,No value available
1999-06-11,78479,
1999-06-12,.,No value available
1999-06-13,.,No value available
1999-06-14,.,No value available
1999-06-15,.,No value available
1999-06-16,.,No value available
1999-06-17,.,No value available
1999-06-18,78479,
1999-06-19,.,No value available
1999-06-20,.,No value available
1999-06-21,.,No value available
1999-06-22,.,No value available
1999-06-23,.,No value available
1999-06-24,.,No value available
1999-06-25,78479,
1999-06-26,.,No value available
1999-06-27,.,No value available
1999-06-28,.,No value available
1999-06-29,.,No value available
1999-06-30,.,No value available
1999-07-01,.,No value available
1999-07-02,82510,
1999-07-03,.,No value available
1999-07-04,.,No value available
1999-07-05,.,No value available
1999-07-06,.,No value available
1999-07-07,.,No value available
1999-07-08,.,No value available
1999-07-09,82510,
1999-07-10,.,No value available
1999-07-11,.,No value available
1999-07-12,.,No value available
1999-07-13,.,No value available
1999-07-14,.,No value available
1999-07-15,.,No value available
1999-07-16,82510,
1999-07-17,.,No value available
1999-07-18,.,No value available
1999-07-19,.,No value available
1999-07-20,.,No value available
1999-07-21,.,No value available
1999-07-22,.,No value available
1999-07-23,82510,
1999-07-24,.,No value available
1999-07-25,.,No value available
1999-07-26,.,No value available
1999-07-27,.,No value available
1999-07-28,.,No value available
1999-07-29,.,No value available
1999-07-30,82510,
1999-07-31,.,No value available
1999-08-01,.,No value available
1999-08-02,.,No value available
1999-08-03,.,No value available
1999-08-04,.,No value available
1999-08-05,.,No value available
1999-08-06,82510,
1999-08-07,.,No value available
1999-08-08,.,No value available
1999-08-09,.,No value available
1999-08-10,.,No value available
1999-08-11,.,No value available
1999-08-12,.,No value available
1999-08-13,82510,
1999-08-14,.,No value available
1999-08-15,.,No value available
1999-08-16,.,No value available
1999-08-17,.,No value available
1999-08-18,.,No value available
1999-08-19,.,No value available
1999-08-20,82510,
1999-08-21,.,No value available
1999-08-22,.,No value available
1999-08-23,.,No value available
1999-08-24,.,No value available
1999-08-25,.,No value available
1999-08-26,.,No value available
1999-08-27,82510,
1999-08-28,.,No value available
1999-08-29,.,No value available
1999-08-30,.,No value available
1999-08-31,.,No value available
1999-09-01,.,No value available
1999-09-02,.,No value available
1999-09-03,82510,
1999-09-04,.,No value available
1999-09-05,.,No value available
1999-09-06,.,No value available
1999-09-07,.,No value available
1999-09-08,.,No value available
1999-09-09,.,No value available
1999-09-10,82510,
1999-09-11,.,No value available
1999-09-12,.,No value available
1999-09-13,.,No value available
1999-09-14,.,No value available
1999-09-15,.,No value available
1999-09-16,.,No value available
1999-09-17,82510,
1999-09-18,.,No value available
1999-09-19,.,No value available
1999-09-20,.,No value available
1999-09-21,.,No value available
1999-09-22,.,No value available
1999-09-23,.,No value available
1999-09-24,82510,
1999-09-25,.,No value available
1999-09-26,.,No value available
1999-09-27,.,No value available
1999-09-28,.,No value available
1999-09-29,.,No value available
1999-09-30,.,No value available
1999-10-01,89826,
1999-10-02,.,No value available
1999-10-03,.,No value available
1999-10-04,.,No value available
1999-10-05,.,No value available
1999-10-06,.,No value available
1999-10-07,.,No value available
1999-10-08,89826,
1999-10-09,.,No value available
1999-10-10,.,No value available
1999-10-11,.,No value available
1999-10-12,.,No value available
1999-10-13,.,No value available
1999-10-14,.,No value available
1999-10-15,89827,
1999-10-16,.,No value available
1999-10-17,.,No value available
1999-10-18,.,No value available
1999-10-19,.,No value available
1999-10-20,.,No value available
1999-10-21,.,No value available
1999-10-22,89835,
1999-10-23,.,No value available
1999-10-24,.,No value available
1999-10-25,.,No value available
1999-10-26,.,No value available
1999-10-27,.,No value available
1999-10-28,.,No value available
1999-10-29,89835,
1999-10-30,.,No value available
1999-10-31,.,No value available
1999-11-01,.,No value available
1999-11-02,.,No value available
1999-11-03,.,No value available
1999-11-04,.,No value available
1999-11-05,89835,
1999-11-06,.,No value available
1999-11-07,.,No value available
1999-11-08,.,No value available
1999-11-09,.,No value available
1999-11-10,.,No value available
1999-11-11,.,No value available
1999-11-12,89835,
1999-11-13,.,No value available
1999-11-14,.,No value available
1999-11-15,.,No value available
1999-11-16,.,No value available
1999-11-17,.,No value available
1999-11-18,.,No value available
1999-11-19,89835,
1999-11-20,.,No value available
1999-11-21,.,No value available
1999-11-22,.,No value available
1999-11-23,.,No value available
1999-11-24,.,No value available
1999-11-25,.,No value available
1999-11-26,89835,
1999-11-27,.,No value available
1999-11-28,.,No value available
1999-11-29,.,No value available
1999-11-30,.,No value available
1999-12-01,.,No value available
1999-12-02,.,No value available
1999-12-03,89835,
1999-12-04,.,No value available
1999-12-05,.,No value available
1999-12-06,.,No value available
1999-12-07,.,No value available
1999-12-08,.,No value available
1999-12-09,.,No value available
1999-12-10,89835,
1999-12-11,.,No value available
1999-12-12,.,No value available
1999-12-13,.,No value available
1999-12-14,.,No value available
1999-12-15,.,No value available
1999-12-16,.,No value available
1999-12-17,89835,
1999-12-18,.,No value available
1999-12-19,.,No value available
1999-12-20,.,No value available
1999-12-21,.,No value available
1999-12-22,.,No value available
1999-12-23,.,No value available
1999-12-24,89835,
1999-12-25,.,No value available
1999-12-26,.,No value available
1999-12-27,.,No value available
1999-12-28,.,No value available
1999-12-29,.,No value available
1999-12-30,.,No value available
1999-12-31,107348,
2000-01-01,.,No value available
2000-01-02,.,No value available
2000-01-03,.,No value available
2000-01-04,.,No value available
2000-01-05,.,No value available
2000-01-06,.,No value available
2000-01-07,107348,
2000-01-08,.,No value available
2000-01-09,.,No value available
2000-01-10,.,No value available
2000-01-11,.,No value available
2000-01-12,.,No value available
2000-01-13,.,No value available
2000-01-14,107470,
2000-01-15,.,No value available
2000-01-16,.,No value available
2000-01-17,.,No value available
2000-01-18,.,No value available
2000-01-19,.,No value available
2000-01-20,.,No value available
2000-01-21,107469,
2000-01-22,.,No value available
2000-01-23,.,No value available
2000-01-24,.,No value available
2000-01-25,.,No value available
2000-01-26,.,No value available
2000-01-27,.,No value available
2000-01-28,107469,
2000-01-29,.,No value available
2000-01-30,.,No value available
2000-01-31,.,No value available
2000-02-01,.,No value available
2000-02-02,.,No value available
2000-02-03,.,No value available
2000-02-04,107483,
2000-02-05,.,No value available
2000-02-06,.,No value available
2000-02-07,.,No value available
2000-02-08,.,No value available
2000-02-09,.,No value available
2000-02-10,.,No value available
2000-02-11,107379,
2000-02-12,.,No value available
2000-02-13,.,No value available
2000-02-14,.,No value available
2000-02-15,.,No value available
2000-02-16,.,No value available
2000-02-17,.,No value available
2000-02-18,107379,
2000-02-19,.,No value available
2000-02-20,.,No value available
2000-02-21,.,No value available
2000-02-22,.,No value available
2000-02-23,.,No value available
2000-02-24,.,No value available
2000-02-25,107379,
2000-02-26,.,No value available
2000-02-27,.,No value available
2000-02-28,.,No value available
2000-02-29,.,No value available
2000-03-01,.,No value available
2000-03-02,.,No value available
2000-03-03,107379,
2000-03-04,.,No value available
2000-03-05,.,No value available
2000-03-06,.,No value available
2000-03-07,.,No value available
2000-03-08,.,No value available
2000-03-09,.,No value available
2000-03-10,107379,
2000-03-11,.,No value available
2000-03-12,.,No value available
2000-03-13,.,No value available
2000-03-14,.,No value available
2000-03-15,.,No value available
2000-03-16,.,No value available
2000-03-17,107357,
2000-03-18,.,No value available
2000-03-19,.,No value available
2000-03-20,.,No value available
2000-03-21,.,No value available
2000-03-22,.,No value available
2000-03-23,.,No value available
2000-03-24,107357,
2000-03-25,.,No value available
2000-03-26,.,No value available
2000-03-27,.,No value available
2000-03-28,.,No value available
2000-03-29,.,No value available
2000-03-30,.,No value available
2000-03-31,118011,
2000-04-01,.,No value available
2000-04-02,.,No value available
2000-04-03,.,No value available
2000-04-04,.,No value available
2000-04-05,.,No value available
2000-04-06,.,No value available
2000-04-07,118008,
2000-04-08,.,No value available
2000-04-09,.,No value available
2000-04-10,.,No value available
2000-04-11,.,No value available
2000-04-12,.,No value available
2000-04-13,.,No value available
2000-04-14,118007,
2000-04-15,.,No value available
2000-04-16,.,No value available
2000-04-17,.,No value available
2000-04-18,.,No value available
2000-04-19,.,No value available
2000-04-20,.,No value available
2000-04-21,118007,
2000-04-22,.,No value available
2000-04-23,.,No value available
2000-04-24,.,No value available
2000-04-25,.,No value available
2000-04-26,.,No value available
2000-04-27,.,No value available
2000-04-28,118007,
2000-04-29,.,No value available
2000-04-30,.,No value available
2000-05-01,.,No value available
2000-05-02,.,No value available
2000-05-03,.,No value available
2000-05-04,.,No value available
2000-05-05,118007,
2000-05-06,.,No value available
2000-05-07,.,No value available
2000-05-08,.,No value available
2000-05-09,.,No value available
2000-05-10,.,No value available
2000-05-11,.,No value available
2000-05-12,118007,
2000-05-13,.,No value available
2000-05-14,.,No value available
2000-05-15,.,No value available
2000-05-16,.,No value available
2000-05-17,.,No value available
2000-05-18,.,No value available
2000-05-19,118007,
2000-05-20,.,No value available
2000-05-21,.,No value available
2000-05-22,.,No value available
2000-05-23,.,No value available
2000-05-24,.,No value available
2000-05-25,.,No value available
2000-05-26,118007,
2000-05-27,.,No value available
2000-05-28,.,No value available
2000-05-29,.,No value available
2000-05-30,.,No value available
2000-05-31,.,No value available
2000-06-01,.,No value available
2000-06-02,118007,
2000-06-03,.,No value available
2000-06-04,.,No value available
2000-06-05,.,No value available
2000-06-06,.,No value available
2000-06-07,.,No value available
2000-06-08,.,No value available
2000-06-09,118007,
2000-06-10,.,No value available
2000-06-11,.,No value available
2000-06-12,.,No value available
2000-06-13,.,No value available
2000-06-14,.,No value available
2000-06-15,.,No value available
2000-06-16,118007,
2000-06-17,.,No value available
2000-06-18,.,No value available
2000-06-19,.,No value available
2000-06-20,.,No value available
2000-06-21,.,No value available
2000-06-22,.,No value available
2000-06-23,118007,
2000-06-24,.,No value available
2000-06-25,.,No value available
2000-06-26,.,No value available
2000-06-27,.,No value available
2000-06-28,.,No value available
2000-06-29,.,No value available
2000-06-30,120893,
2000-07-01,.,No value available
2000-07-02,.,No value available
2000-07-03,.,No value available
2000-07-04,.,No value available
2000-07-05,.,No value available
2000-07-06,.,No value available
2000-07-07,120895,
2000-07-08,.,No value available
2000-07-09,.,No value available
2000-07-10,.,No value available
2000-07-11,.,No value available
2000-07-12,.,No value available
2000-07-13,.,No value available
2000-07-14,120895,
2000-07-15,.,No value available
2000-07-16,.,No value available
2000-07-17,.,No value available
2000-07-18,.,No value available
2000-07-19,.,No value available
2000-07-20,.,No value available
2000-07-21,120895,
2000-07-22,.,No value available
2000-07-23,.,No value available
2000-07-24,.,No value available
2000-07-25,.,No value available
2000-07-26,.,No value available
2000-07-27,.,No value available
2000-07-28,120895,
2000-07-29,.,No value available
2000-07-30,.,No value available
2000-07-31,.,No value available
2000-08-01,.,No value available
2000-08-02,.,No value available
2000-08-03,.,No value available
2000-08-04,120895,
2000-08-05,.,No value available
2000-08-06,.,No value available
2000-08-07,.,No value available
2000-08-08,.,No value available
2000-08-09,.,No value available
2000-08-10,.,No value available
2000-08-11,120895,
2000-08-12,.,No value available
2000-08-13,.,No value available
2000-08-14,.,No value available
2000-08-15,.,No value available
2000-08-16,.,No value available
2000-08-17,.,No value available
2000-08-18,120895,
2000-08-19,.,No value available
2000-08-20,.,No value available
2000-08-21,.,No value available
2000-08-22,.,No value available
2000-08-23,.,No value available
2000-08-24,.,No value available
2000-08-25,120895,
2000-08-26,.,No value available
2000-08-27,.,No value available
2000-08-28,.,No value available
2000-08-29,.,No value available
2000-08-30,.,No value available
2000-08-31,.,No value available
2000-09-01,120895,
2000-09-02,.,No value available
2000-09-03,.,No value available
2000-09-04,.,No value available
2000-09-05,.,No value available
2000-09-06,.,No value available
2000-09-07,.,No value available
2000-09-08,120895,
2000-09-09,.,No value available
2000-09-10,.,No value available
2000-09-11,.,No value available
2000-09-12,.,No value available
2000-09-13,.,No value available
2000-09-14,.,No value available
2000-09-15,120895,
2000-09-16,.,No value available
2000-09-17,.,No value available
2000-09-18,.,No value available
2000-09-19,.,No value available
2000-09-20,.,No value available
2000-09-21,.,No value available
2000-09-22,120895,
2000-09-23,.,No value available
2000-09-24,.,No value available
2000-09-25,.,No value available
2000-09-26,.,No value available
2000-09-27,.,No value available
2000-09-28,.,No value available
2000-09-29,144156,
2000-09-30,.,No value available
2000-10-01,.,No value available
2000-10-02,.,No value available
2000-10-03,.,No value available
2000-10-04,.,No value available
2000-10-05,.,No value available
2000-10-06,144152,
2000-10-07,.,No value available
2000-10-08,.,No value available
2000-10-09,.,No value available
2000-10-10,.,No value available
2000-10-11,.,No value available
2000-10-12,.,No value available
2000-10-13,144152,
2000-10-14,.,No value available
2000-10-15,.,No value available
2000-10-16,.,No value available
2000-10-17,.,No value available
2000-10-18,.,No value available
2000-10-19,.,No value available
2000-10-20,144152,
2000-10-21,.,No value available
2000-10-22,.,No value available
2000-10-23,.,No value available
2000-10-24,.,No value available
2000-10-25,.,No value available
2000-10-26,.,No value available
2000-10-27,144152,
2000-10-28,.,No value available
2000-10-29,.,No value available
2000-10-30,.,No value available
2000-10-31,.,No value available
2000-11-01,.,No value available
2000-11-02,.,No value available
2000-11-03,144152,
2000-11-04,.,No value available
2000-11-05,.,No value available
2000-11-06,.,No value available
2000-11-07,.,No value available
2000-11-08,.,No value available
2000-11-09,.,No value available
2000-11-10,144152,
2000-11-11,.,No value available
2000-11-12,.,No value available
2000-11-13,.,No value available
2000-11-14,.,No value available
2000-11-15,.,No value available
2000-11-16,.,No value available
2000-11-17,144152,
2000-11-18,.,No value available
2000-11-19,.,No value available
2000-11-20,.,No value available
2000-11-21,.,No value available
2000-11-22,.,No value available
2000-11-23,.,No value available
2000-11-24,144152,
2000-11-25,.,No value available
2000-11-26,.,No value available
2000-11-27,.,No value available
2000-11-28,.,No value available
2000-11-29,.,No value available
2000-11-30,.,No value available
2000-12-01,144152,
2000-12-02,.,No value available
2000-12-03,.,No value available
2000-12-04,.,No value available
2000-12-05,.,No value available
2000-12-06,.,No value available
2000-12-07,.,No value available
2000-12-08,144152,
2000-12-09,.,No value available
2000-12-10,.,No value available
2000-12-11,.,No value available
2000-12-12,.,No value available
2000-12-13,.,No value available
2000-12-14,.,No value available
2000-12-15,144152,
2000-12-16,.,No value available
2000-12-17,.,No value available
2000-12-18,.,No value available
2000-12-19,.,No value available
2000-12-20,.,No value available
2000-12-21,.,No value available
2000-12-22,144152,
2000-12-23,.,No value available
2000-12-24,.,No value available
2000-12-25,.,No value available
2000-12-26,.,No value available
2000-12-27,.,No value available
2000-12-28,.,No value available
2000-12-29,117668,
2000-12-30,.,No value available
2000-12-31,.,No value available
2001-01-01,.,No value available
2001-01-02,.,No value available
2001-01-03,.,No value available
2001-01-04,.,No value available
2001-01-05,118752,
2001-01-06,.,No value available
2001-01-07,.,No value available
2001-01-08,.,No value available
2001-01-09,.,No value available
2001-01-10,.,No value available
2001-01-11,.,No value available
2001-01-12,119144,
2001-01-13,.,No value available
2001-01-14,.,No value available
2001-01-15,.,No value available
2001-01-16,.,No value available
2001-01-17,.,No value available
2001-01-18,.,No value available
2001-01-19,119144,
2001-01-20,.,No value available
2001-01-21,.,No value available
2001-01-22,.,No value available
2001-01-23,.,No value available
2001-01-24,.,No value available
2001-01-25,.,No value available
2001-01-26,119274,
2001-01-27,.,No value available
2001-01-28,.,No value available
2001-01-29,.,No value available
2001-01-30,.,No value available
2001-01-31,.,No value available
2001-02-01,.,No value available
2001-02-02,119274,
2001-02-03,.,No value available
2001-02-04,.,No value available
2001-02-05,.,No value available
2001-02-06,.,No value available
2001-02-07,.,No value available
2001-02-08,.,No value available
2001-02-09,119274,
2001-02-10,.,No value available
2001-02-11,.,No value available
2001-02-12,.,No value available
2001-02-13,.,No value available
2001-02-14,.,No value available
2001-02-15,.,No value available
2001-02-16,119274,
2001-02-17,.,No value available
2001-02-18,.,No value available
2001-02-19,.,No value available
2001-02-20,.,No value available
2001-02-21,.,No value available
2001-02-22,.,No value available
2001-02-23,119274,
2001-02-24,.,No value available
2001-02-25,.,No value available
2001-02-26,.,No value available
2001-02-27,.,No value available
2001-02-28,.,No value available
2001-03-01,.,No value available
2001-03-02,119274,
2001-03-03,.,No value available
2001-03-04,.,No value available
2001-03-05,.,No value available
2001-03-06,.,No value available
2001-03-07,.,No value available
2001-03-08,.,No value available
2001-03-09,119274,
2001-03-10,.,No value available
2001-03-11,.,No value available
2001-03-12,.,No value available
2001-03-13,.,No value available
2001-03-14,.,No value available
2001-03-15,.,No value available
2001-03-16,119274,
2001-03-17,.,No value available
2001-03-18,.,No value available
2001-03-19,.,No value available
2001-03-20,.,No value available
2001-03-21,.,No value available
2001-03-22,.,No value available
2001-03-23,119274,
2001-03-24,.,No value available
2001-03-25,.,No value available
2001-03-26,.,No value available
2001-03-27,.,No value available
2001-03-28,.,No value available
2001-03-29,.,No value available
2001-03-30,126268,
2001-03-31,.,No value available
2001-04-01,.,No value available
2001-04-02,.,No value available
2001-04-03,.,No value available
2001-04-04,.,No value available
2001-04-05,.,No value available
2001-04-06,126268,
2001-04-07,.,No value available
2001-04-08,.,No value available
2001-04-09,.,No value available
2001-04-10,.,No value available
2001-04-11,.,No value available
2001-04-12,.,No value available
2001-04-13,126268,
2001-04-14,.,No value available
2001-04-15,.,No value available
2001-04-16,.,No value available
2001-04-17,.,No value available
2001-04-18,.,No value available
2001-04-19,.,No value available
2001-04-20,126268,
2001-04-21,.,No value available
2001-04-22,.,No value available
2001-04-23,.,No value available
2001-04-24,.,No value available
2001-04-25,.,No value available
2001-04-26,.,No value available
2001-04-27,126268,
2001-04-28,.,No value available
2001-04-29,.,No value available
2001-04-30,.,No value available
2001-05-01,.,No value available
2001-05-02,.,No value available
2001-05-03,.,No value available
2001-05-04,126268,
2001-05-05,.,No value available
2001-05-06,.,No value available
2001-05-07,.,No value available
2001-05-08,.,No value available
2001-05-09,.,No value available
2001-05-10,.,No value available
2001-05-11,126268,
2001-05-12,.,No value available
2001-05-13,.,No value available
2001-05-14,.,No value available
2001-05-15,.,No value available
2001-05-16,.,No value available
2001-05-17,.,No value available
2001-05-18,126270,
2001-05-19,.,No value available
2001-05-20,.,No value available
2001-05-21,.,No value available
2001-05-22,.,No value available
2001-05-23,.,No value available
2001-05-24,.,No value available
2001-05-25,126258,
2001-05-26,.,No value available
2001-05-27,.,No value available
2001-05-28,.,No value available
2001-05-29,.,No value available
2001-05-30,.,No value available
2001-05-31,.,No value available
2001-06-01,126258,
2001-06-02,.,No value available
2001-06-03,.,No value available
2001-06-04,.,No value available
2001-06-05,.,No value available
2001-06-06,.,No value available
2001-06-07,.,No value available
2001-06-08,126258,
2001-06-09,.,No value available
2001-06-10,.,No value available
2001-06-11,.,No value available
2001-06-12,.,No value available
2001-06-13,.,No value available
2001-06-14,.,No value available
2001-06-15,126258,
2001-06-16,.,No value available
2001-06-17,.,No value available
2001-06-18,.,No value available
2001-06-19,.,No value available
2001-06-20,.,No value available
2001-06-21,.,No value available
2001-06-22,126258,
2001-06-23,.,No value available
2001-06-24,.,No value available
2001-06-25,.,No value available
2001-06-26,.,No value available
2001-06-27,.,No value available
2001-06-28,.,No value available
2001-06-29,141340,
2001-06-30,.,No value available
2001-07-01,.,No value available
2001-07-02,.,No value available
2001-07-03,.,No value available
2001-07-04,.,No value available
2001-07-05,.,No value available
2001-07-06,141340,
2001-07-07,.,No value available
2001-07-08,.,No value available
2001-07-09,.,No value available
2001-07-10,.,No value available
2001-07-11,.,No value available
2001-07-12,.,No value available
2001-07-13,141340,
2001-07-14,.,No value available
2001-07-15,.,No value available
2001-07-16,.,No value available
2001-07-17,.,No value available
2001-07-18,.,No value available
2001-07-19,.,No value available
2001-07-20,141340,
2001-07-21,.,No value available
2001-07-22,.,No value available
2001-07-23,.,No value available
2001-07-24,.,No value available
2001-07-25,.,No value available
2001-07-26,.,No value available
2001-07-27,141340,
2001-07-28,.,No value available
2001-07-29,.,No value available
2001-07-30,.,No value available
2001-07-31,.,No value available
2001-08-01,.,No value available
2001-08-02,.,No value available
2001-08-03,141340,
2001-08-04,.,No value available
2001-08-05,.,No value available
2001-08-06,.,No value available
2001-08-07,.,No value available
2001-08-08,.,No value available
2001-08-09,.,No value available
2001-08-10,141340,
2001-08-11,.,No value available
2001-08-12,.,No value available
2001-08-13,.,No value available
2001-08-14,.,No value available
2001-08-15,.,No value available
2001-08-16,.,No value available
2001-08-17,141340,
2001-08-18,.,No value available
2001-08-19,.,No value available
2001-08-20,.,No value available
2001-08-21,.,No value available
2001-08-22,.,No value available
2001-08-23,.,No value available
2001-08-24,141340,
2001-08-25,.,No value available
2001-08-26,.,No value available
2001-08-27,.,No value available
2001-08-28,.,No value available
2001-08-29,.,No value available
2001-08-30,.,No value available
2001-08-31,141340,
2001-09-01,.,No value available
2001-09-02,.,No value available
2001-09-03,.,No value available
2001-09-04,.,No value available
2001-09-05,.,No value available
2001-09-06,.,No value available
2001-09-07,141340,
2001-09-08,.,No value available
2001-09-09,.,No value available
2001-09-10,.,No value available
2001-09-11,.,No value available
2001-09-12,.,No value available
2001-09-13,.,No value available
2001-09-14,141340,
2001-09-15,.,No value available
2001-09-16,.,No value available
2001-09-17,.,No value available
2001-09-18,.,No value available
2001-09-19,.,No value available
2001-09-20,.,No value available
2001-09-21,141340,
2001-09-22,.,No value available
2001-09-23,.,No value available
2001-09-24,.,No value available
2001-09-25,.,No value available
2001-09-26,.,No value available
2001-09-27,.,No value available
2001-09-28,124991,
2001-09-29,.,No value available
2001-09-30,.,No value available
2001-10-01,.,No value available
2001-10-02,.,No value available
2001-10-03,.,No value available
2001-10-04,.,No value available
2001-10-05,124991,
2001-10-06,.,No value available
2001-10-07,.,No value available
2001-10-08,.,No value available
2001-10-09,.,No value available
2001-10-10,.,No value available
2001-10-11,.,No value available
2001-10-12,124991,
2001-10-13,.,No value available
2001-10-14,.,No value available
2001-10-15,.,No value available
2001-10-16,.,No value available
2001-10-17,.,No value available
2001-10-18,.,No value available
2001-10-19,124991,
2001-10-20,.,No value available
2001-10-21,.,No value available
2001-10-22,.,No value available
2001-10-23,.,No value available
2001-10-24,.,No value available
2001-10-25,.,No value available
2001-10-26,124991,
2001-10-27,.,No value available
2001-10-28,.,No value available
2001-10-29,.,No value available
2001-10-30,.,No value available
2001-10-31,.,No value available
2001-11-01,.,No value available
2001-11-02,124991,
2001-11-03,.,No value available
2001-11-04,.,No value available
2001-11-05,.,No value available
2001-11-06,.,No value available
2001-11-07,.,No value available
2001-11-08,.,No value available
2001-11-09,124991,
2001-11-10,.,No value available
2001-11-11,.,No value available
2001-11-12,.,No value available
2001-11-13,.,No value available
2001-11-14,.,No value available
2001-11-15,.,No value available
2001-11-16,124991,
2001-11-17,.,No value available
2001-11-18,.,No value available
2001-11-19,.,No value available
2001-11-20,.,No value available
2001-11-21,.,No value available
2001-11-22,.,No value available
2001-11-23,124991,
2001-11-24,.,No value available
2001-11-25,.,No value available
2001-11-26,.,No value available
2001-11-27,.,No value available
2001-11-28,.,No value available
2001-11-29,.,No value available
2001-11-30,124991,
2001-12-01,.,No value available
2001-12-02,.,No value available
2001-12-03,.,No value available
2001-12-04,.,No value available
2001-12-05,.,No value available
2001-12-06,.,No value available
2001-12-07,124991,
2001-12-08,.,No value available
2001-12-09,.,No value available
2001-12-10,.,No value available
2001-12-11,.,No value available
2001-12-12,.,No value available
2001-12-13,.,No value available
2001-12-14,124991,
2001-12-15,.,No value available
2001-12-16,.,No value available
2001-12-17,.,No value available
2001-12-18,.,No value available
2001-12-19,.,No value available
2001-12-20,.,No value available
2001-12-21,124991,
2001-12-22,.,No value available
2001-12-23,.,No value available
2001-12-24,.,No value available
2001-12-25,.,No value available
2001-12-26,.,No value available
2001-12-27,.,No value available
2001-12-28,125309,
2001-12-29,.,No value available
2001-12-30,.,No value available
2001-12-31,.,No value available
2002-01-01,.,No value available
2002-01-02,.,No value available
2002-01-03,.,No value available
2002-01-04,125288,
2002-01-05,.,No value available
2002-01-06,.,No value available
2002-01-07,.,No value available
2002-01-08,.,No value available
2002-01-09,.,No value available
2002-01-10,.,No value available
2002-01-11,125318,
2002-01-12,.,No value available
2002-01-13,.,No value available
2002-01-14,.,No value available
2002-01-15,.,No value available
2002-01-16,.,No value available
2002-01-17,.,No value available
2002-01-18,125318,
2002-01-19,.,No value available
2002-01-20,.,No value available
2002-01-21,.,No value available
2002-01-22,.,No value available
2002-01-23,.,No value available
2002-01-24,.,No value available
2002-01-25,125318,
2002-01-26,.,No value available
2002-01-27,.,No value available
2002-01-28,.,No value available
2002-01-29,.,No value available
2002-01-30,.,No value available
2002-01-31,.,No value available
2002-02-01,125316,
2002-02-02,.,No value available
2002-02-03,.,No value available
2002-02-04,.,No value available
2002-02-05,.,No value available
2002-02-06,.,No value available
2002-02-07,.,No value available
2002-02-08,125316,
2002-02-09,.,No value available
2002-02-10,.,No value available
2002-02-11,.,No value available
2002-02-12,.,No value available
2002-02-13,.,No value available
2002-02-14,.,No value available
2002-02-15,125316,
2002-02-16,.,No value available
2002-02-17,.,No value available
2002-02-18,.,No value available
2002-02-19,.,No value available
2002-02-20,.,No value available
2002-02-21,.,No value available
2002-02-22,125316,
2002-02-23,.,No value available
2002-02-24,.,No value available
2002-02-25,.,No value available
2002-02-26,.,No value available
2002-02-27,.,No value available
2002-02-28,.,No value available
2002-03-01,125320,
2002-03-02,.,No value available
2002-03-03,.,No value available
2002-03-04,.,No value available
2002-03-05,.,No value available
2002-03-06,.,No value available
2002-03-07,.,No value available
2002-03-08,125320,
2002-03-09,.,No value available
2002-03-10,.,No value available
2002-03-11,.,No value available
2002-03-12,.,No value available
2002-03-13,.,No value available
2002-03-14,.,No value available
2002-03-15,125320,
2002-03-16,.,No value available
2002-03-17,.,No value available
2002-03-18,.,No value available
2002-03-19,.,No value available
2002-03-20,.,No value available
2002-03-21,.,No value available
2002-03-22,125320,
2002-03-23,.,No value available
2002-03-24,.,No value available
2002-03-25,.,No value available
2002-03-26,.,No value available
2002-03-27,.,No value available
2002-03-28,.,No value available
2002-03-29,136887,
2002-03-30,.,No value available
2002-03-31,.,No value available
2002-04-01,.,No value available
2002-04-02,.,No value available
2002-04-03,.,No value available
2002-04-04,.,No value available
2002-04-05,136887,
2002-04-06,.,No value available
2002-04-07,.,No value available
2002-04-08,.,No value available
2002-04-09,.,No value available
2002-04-10,.,No value available
2002-04-11,.,No value available
2002-04-12,136887,
2002-04-13,.,No value available
2002-04-14,.,No value available
2002-04-15,.,No value available
2002-04-16,.,No value available
2002-04-17,.,No value available
2002-04-18,.,No value available
2002-04-19,136887,
2002-04-20,.,No value available
2002-04-21,.,No value available
2002-04-22,.,No value available
2002-04-23,.,No value available
2002-04-24,.,No value available
2002-04-25,.,No value available
2002-04-26,136887,
2002-04-27,.,No value available
2002-04-28,.,No value available
2002-04-29,.,No value available
2002-04-30,.,No value available
2002-05-01,.,No value available
2002-05-02,.,No value available
2002-05-03,136887,
2002-05-04,.,No value available
2002-05-05,.,No value available
2002-05-06,.,No value available
2002-05-07,.,No value available
2002-05-08,.,No value available
2002-05-09,.,No value available
2002-05-10,136887,
2002-05-11,.,No value available
2002-05-12,.,No value available
2002-05-13,.,No value available
2002-05-14,.,No value available
2002-05-15,.,No value available
2002-05-16,.,No value available
2002-05-17,136887,
2002-05-18,.,No value available
2002-05-19,.,No value available
2002-05-20,.,No value available
2002-05-21,.,No value available
2002-05-22,.,No value available
2002-05-23,.,No value available
2002-05-24,136887,
2002-05-25,.,No value available
2002-05-26,.,No value available
2002-05-27,.,No value available
2002-05-28,.,No value available
2002-05-29,.,No value available
2002-05-30,.,No value available
2002-05-31,136887,
2002-06-01,.,No value available
2002-06-02,.,No value available
2002-06-03,.,No value available
2002-06-04,.,No value available
2002-06-05,.,No value available
2002-06-06,.,No value available
2002-06-07,136887,
2002-06-08,.,No value available
2002-06-09,.,No value available
2002-06-10,.,No value available
2002-06-11,.,No value available
2002-06-12,.,No value available
2002-06-13,.,No value available
2002-06-14,136887,
2002-06-15,.,No value available
2002-06-16,.,No value available
2002-06-17,.,No value available
2002-06-18,.,No value available
2002-06-19,.,No value available
2002-06-20,.,No value available
2002-06-21,136887,
2002-06-22,.,No value available
2002-06-23,.,No value available
2002-06-24,.,No value available
2002-06-25,.,No value available
2002-06-26,.,No value available
2002-06-27,.,No value available
2002-06-28,99114,
2002-06-29,.,No value available
2002-06-30,.,No value available
2002-07-01,.,No value available
2002-07-02,.,No value available
2002-07-03,.,No value available
2002-07-04,.,No value available
2002-07-05,99114,
2002-07-06,.,No value available
2002-07-07,.,No value available
2002-07-08,.,No value available
2002-07-09,.,No value available
2002-07-10,.,No value available
2002-07-11,.,No value available
2002-07-12,99114,
2002-07-13,.,No value available
2002-07-14,.,No value available
2002-07-15,.,No value available
2002-07-16,.,No value available
2002-07-17,.,No value available
2002-07-18,.,No value available
2002-07-19,99114,
2002-07-20,.,No value available
2002-07-21,.,No value available
2002-07-22,.,No value available
2002-07-23,.,No value available
2002-07-24,.,No value available
2002-07-25,.,No value available
2002-07-26,99114,
2002-07-27,.,No value available
2002-07-28,.,No value available
2002-07-29,.,No value available
2002-07-30,.,No value available
2002-07-31,.,No value available
2002-08-01,.,No value available
2002-08-02,99114,
2002-08-03,.,No value available
2002-08-04,.,No value available
2002-08-05,.,No value available
2002-08-06,.,No value available
2002-08-07,.,No value available
2002-08-08,.,No value available
2002-08-09,99114,
2002-08-10,.,No value available
2002-08-11,.,No value available
2002-08-12,.,No value available
2002-08-13,.,No value available
2002-08-14,.,No value available
2002-08-15,.,No value available
2002-08-16,99114,
2002-08-17,.,No value available
2002-08-18,.,No value available
2002-08-19,.,No value available
2002-08-20,.,No value available
2002-08-21,.,No value available
2002-08-22,.,No value available
2002-08-23,99114,
2002-08-24,.,No value available
2002-08-25,.,No value available
2002-08-26,.,No value available
2002-08-27,.,No value available
2002-08-28,.,No value available
2002-08-29,.,No value available
2002-08-30,99114,
2002-08-31,.,No value available
2002-09-01,.,No value available
2002-09-02,.,No value available
2002-09-03,.,No value available
2002-09-04,.,No value available
2002-09-05,.,No value available
2002-09-06,99114,
2002-09-07,.,No value available
2002-09-08,.,No value available
2002-09-09,.,No value available
2002-09-10,.,No value available
2002-09-11,.,No value available
2002-09-12,.,No value available
2002-09-13,99114,
2002-09-14,.,No value available
2002-09-15,.,No value available
2002-09-16,.,No value available
2002-09-17,.,No value available
2002-09-18,.,No value available
2002-09-19,.,No value available
2002-09-20,99114,
2002-09-21,.,No value available
2002-09-22,.,No value available
2002-09-23,.,No value available
2002-09-24,.,No value available
2002-09-25,.,No value available
2002-09-26,.,No value available
2002-09-27,99114,
2002-09-28,.,No value available
2002-09-29,.,No value available
2002-09-30,.,No value available
2002-10-01,.,No value available
2002-10-02,.,No value available
2002-10-03,.,No value available
2002-10-04,106307,
2002-10-05,.,No value available
2002-10-06,.,No value available
2002-10-07,.,No value available
2002-10-08,.,No value available
2002-10-09,.,No value available
2002-10-10,.,No value available
2002-10-11,106307,
2002-10-12,.,No value available
2002-10-13,.,No value available
2002-10-14,.,No value available
2002-10-15,.,No value available
2002-10-16,.,No value available
2002-10-17,.,No value available
2002-10-18,106307,
2002-10-19,.,No value available
2002-10-20,.,No value available
2002-10-21,.,No value available
2002-10-22,.,No value available
2002-10-23,.,No value available
2002-10-24,.,No value available
2002-10-25,106307,
2002-10-26,.,No value available
2002-10-27,.,No value available
2002-10-28,.,No value available
2002-10-29,.,No value available
2002-10-30,.,No value available
2002-10-31,.,No value available
2002-11-01,106307,
2002-11-02,.,No value available
2002-11-03,.,No value available
2002-11-04,.,No value available
2002-11-05,.,No value available
2002-11-06,.,No value available
2002-11-07,.,No value available
2002-11-08,106307,
2002-11-09,.,No value available
2002-11-10,.,No value available
2002-11-11,.,No value available
2002-11-12,.,No value available
2002-11-13,.,No value available
2002-11-14,.,No value available
2002-11-15,106307,
2002-11-16,.,No value available
2002-11-17,.,No value available
2002-11-18,.,No value available
2002-11-19,.,No value available
2002-11-20,.,No value available
2002-11-21,.,No value available
2002-11-22,106307,
2002-11-23,.,No value available
2002-11-24,.,No value available
2002-11-25,.,No value available
2002-11-26,.,No value available
2002-11-27,.,No value available
2002-11-28,.,No value available
2002-11-29,106307,
2002-11-30,.,No value available
2002-12-01,.,No value available
2002-12-02,.,No value available
2002-12-03,.,No value available
2002-12-04,.,No value available
2002-12-05,.,No value available
2002-12-06,106307,
2002-12-07,.,No value available
2002-12-08,.,No value available
2002-12-09,.,No value available
2002-12-10,.,No value available
2002-12-11,.,No value available
2002-12-12,.,No value available
2002-12-13,106307,
2002-12-14,.,No value available
2002-12-15,.,No value available
2002-12-16,.,No value available
2002-12-17,.,No value available
2002-12-18,.,No value available
2002-12-19,.,No value available
2002-12-20,106307,
2002-12-21,.,No value available
2002-12-22,.,No value available
2002-12-23,.,No value available
2002-12-24,.,No value available
2002-12-25,.,No value available
2002-12-26,.,No value available
2002-12-27,106307,
2002-12-28,.,No value available
2002-12-29,.,No value available
2002-12-30,.,No value available
2002-12-31,.,No value available
2003-01-01,.,No value available
2003-01-02,.,No value available
2003-01-03,82844,
2003-01-04,.,No value available
2003-01-05,.,No value available
2003-01-06,.,No value available
2003-01-07,.,No value available
2003-01-08,.,No value available
2003-01-09,.,No value available
2003-01-10,82844,
2003-01-11,.,No value available
2003-01-12,.,No value available
2003-01-13,.,No value available
2003-01-14,.,No value available
2003-01-15,.,No value available
2003-01-16,.,No value available
2003-01-17,82844,
2003-01-18,.,No value available
2003-01-19,.,No value available
2003-01-20,.,No value available
2003-01-21,.,No value available
2003-01-22,.,No value available
2003-01-23,.,No value available
2003-01-24,82844,
2003-01-25,.,No value available
2003-01-26,.,No value available
2003-01-27,.,No value available
2003-01-28,.,No value available
2003-01-29,.,No value available
2003-01-30,.,No value available
2003-01-31,82848,
2003-02-01,.,No value available
2003-02-02,.,No value available
2003-02-03,.,No value available
2003-02-04,.,No value available
2003-02-05,.,No value available
2003-02-06,.,No value available
2003-02-07,82848,
2003-02-08,.,No value available
2003-02-09,.,No value available
2003-02-10,.,No value available
2003-02-11,.,No value available
2003-02-12,.,No value available
2003-02-13,.,No value available
2003-02-14,82848,
2003-02-15,.,No value available
2003-02-16,.,No value available
2003-02-17,.,No value available
2003-02-18,.,No value available
2003-02-19,.,No value available
2003-02-20,.,No value available
2003-02-21,82840,
2003-02-22,.,No value available
2003-02-23,.,No value available
2003-02-24,.,No value available
2003-02-25,.,No value available
2003-02-26,.,No value available
2003-02-27,.,No value available
2003-02-28,82840,
2003-03-01,.,No value available
2003-03-02,.,No value available
2003-03-03,.,No value available
2003-03-04,.,No value available
2003-03-05,.,No value available
2003-03-06,.,No value available
2003-03-07,82840,
2003-03-08,.,No value available
2003-03-09,.,No value available
2003-03-10,.,No value available
2003-03-11,.,No value available
2003-03-12,.,No value available
2003-03-13,.,No value available
2003-03-14,82840,
2003-03-15,.,No value available
2003-03-16,.,No value available
2003-03-17,.,No value available
2003-03-18,.,No value available
2003-03-19,.,No value available
2003-03-20,.,No value available
2003-03-21,82840,
2003-03-22,.,No value available
2003-03-23,.,No value available
2003-03-24,.,No value available
2003-03-25,.,No value available
2003-03-26,.,No value available
2003-03-27,.,No value available
2003-03-28,82840,
2003-03-29,.,No value available
2003-03-30,.,No value available
2003-03-31,.,No value available
2003-04-01,.,No value available
2003-04-02,.,No value available
2003-04-03,.,No value available
2003-04-04,68005,
2003-04-05,.,No value available
2003-04-06,.,No value available
2003-04-07,.,No value available
2003-04-08,.,No value available
2003-04-09,.,No value available
2003-04-10,.,No value available
2003-04-11,68005,
2003-04-12,.,No value available
2003-04-13,.,No value available
2003-04-14,.,No value available
2003-04-15,.,No value available
2003-04-16,.,No value available
2003-04-17,.,No value available
2003-04-18,68005,
2003-04-19,.,No value available
2003-04-20,.,No value available
2003-04-21,.,No value available
2003-04-22,.,No value available
2003-04-23,.,No value available
2003-04-24,.,No value available
2003-04-25,68005,
2003-04-26,.,No value available
2003-04-27,.,No value available
2003-04-28,.,No value available
2003-04-29,.,No value available
2003-04-30,.,No value available
2003-05-01,.,No value available
2003-05-02,67910,
2003-05-03,.,No value available
2003-05-04,.,No value available
2003-05-05,.,No value available
2003-05-06,.,No value available
2003-05-07,.,No value available
2003-05-08,.,No value available
2003-05-09,67910,
2003-05-10,.,No value available
2003-05-11,.,No value available
2003-05-12,.,No value available
2003-05-13,.,No value available
2003-05-14,.,No value available
2003-05-15,.,No value available
2003-05-16,67910,
2003-05-17,.,No value available
2003-05-18,.,No value available
2003-05-19,.,No value available
2003-05-20,.,No value available
2003-05-21,.,No value available
2003-05-22,.,No value available
2003-05-23,67910,
2003-05-24,.,No value available
2003-05-25,.,No value available
2003-05-26,.,No value available
2003-05-27,.,No value available
2003-05-28,.,No value available
2003-05-29,.,No value available
2003-05-30,67910,
2003-05-31,.,No value available
2003-06-01,.,No value available
2003-06-02,.,No value available
2003-06-03,.,No value available
2003-06-04,.,No value available
2003-06-05,.,No value available
2003-06-06,67910,
2003-06-07,.,No value available
2003-06-08,.,No value available
2003-06-09,.,No value available
2003-06-10,.,No value available
2003-06-11,.,No value available
2003-06-12,.,No value available
2003-06-13,67910,
2003-06-14,.,No value available
2003-06-15,.,No value available
2003-06-16,.,No value available
2003-06-17,.,No value available
2003-06-18,.,No value available
2003-06-19,.,No value available
2003-06-20,67910,
2003-06-21,.,No value available
2003-06-22,.,No value available
2003-06-23,.,No value available
2003-06-24,.,No value available
2003-06-25,.,No value available
2003-06-26,.,No value available
2003-06-27,67910,
2003-06-28,.,No value available
2003-06-29,.,No value available
2003-06-30,.,No value available
2003-07-01,.,No value available
2003-07-02,.,No value available
2003-07-03,.,No value available
2003-07-04,62226,
2003-07-05,.,No value available
2003-07-06,.,No value available
2003-07-07,.,No value available
2003-07-08,.,No value available
2003-07-09,.,No value available
2003-07-10,.,No value available
2003-07-11,62226,
2003-07-12,.,No value available
2003-07-13,.,No value available
2003-07-14,.,No value available
2003-07-15,.,No value available
2003-07-16,.,No value available
2003-07-17,.,No value available
2003-07-18,62226,
2003-07-19,.,No value available
2003-07-20,.,No value available
2003-07-21,.,No value available
2003-07-22,.,No value available
2003-07-23,.,No value available
2003-07-24,.,No value available
2003-07-25,62226,
2003-07-26,.,No value available
2003-07-27,.,No value available
2003-07-28,.,No value available
2003-07-29,.,No value available
2003-07-30,.,No value available
2003-07-31,.,No value available
2003-08-01,62226,
2003-08-02,.,No value available
2003-08-03,.,No value available
2003-08-04,.,No value available
2003-08-05,.,No value available
2003-08-06,.,No value available
2003-08-07,.,No value available
2003-08-08,62226,
2003-08-09,.,No value available
2003-08-10,.,No value available
2003-08-11,.,No value available
2003-08-12,.,No value available
2003-08-13,.,No value available
2003-08-14,.,No value available
2003-08-15,62226,
2003-08-16,.,No value available
2003-08-17,.,No value available
2003-08-18,.,No value available
2003-08-19,.,No value available
2003-08-20,.,No value available
2003-08-21,.,No value available
2003-08-22,62226,
2003-08-23,.,No value available
2003-08-24,.,No value available
2003-08-25,.,No value available
2003-08-26,.,No value available
2003-08-27,.,No value available
2003-08-28,.,No value available
2003-08-29,62226,
2003-08-30,.,No value available
2003-08-31,.,No value available
2003-09-01,.,No value available
2003-09-02,.,No value available
2003-09-03,.,No value available
2003-09-04,.,No value available
2003-09-05,62226,
2003-09-06,.,No value available
2003-09-07,.,No value available
2003-09-08,.,No value available
2003-09-09,.,No value available
2003-09-10,.,No value available
2003-09-11,.,No value available
2003-09-12,62226,
2003-09-13,.,No value available
2003-09-14,.,No value available
2003-09-15,.,No value available
2003-09-16,.,No value available
2003-09-17,.,No value available
2003-09-18,.,No value available
2003-09-19,62226,
2003-09-20,.,No value available
2003-09-21,.,No value available
2003-09-22,.,No value available
2003-09-23,.,No value available
2003-09-24,.,No value available
2003-09-25,.,No value available
2003-09-26,62226,
2003-09-27,.,No value available
2003-09-28,.,No value available
2003-09-29,.,No value available
2003-09-30,.,No value available
2003-10-01,.,No value available
2003-10-02,.,No value available
2003-10-03,71174,
2003-10-04,.,No value available
2003-10-05,.,No value available
2003-10-06,.,No value available
2003-10-07,.,No value available
2003-10-08,.,No value available
2003-10-09,.,No value available
2003-10-10,71174,
2003-10-11,.,No value available
2003-10-12,.,No value available
2003-10-13,.,No value available
2003-10-14,.,No value available
2003-10-15,.,No value available
2003-10-16,.,No value available
2003-10-17,71174,
2003-10-18,.,No value available
2003-10-19,.,No value available
2003-10-20,.,No value available
2003-10-21,.,No value available
2003-10-22,.,No value available
2003-10-23,.,No value available
2003-10-24,71174,
2003-10-25,.,No value available
2003-10-26,.,No value available
2003-10-27,.,No value available
2003-10-28,.,No value available
2003-10-29,.,No value available
2003-10-30,.,No value available
2003-10-31,71174,
2003-11-01,.,No value available
2003-11-02,.,No value available
2003-11-03,.,No value available
2003-11-04,.,No value available
2003-11-05,.,No value available
2003-11-06,.,No value available
2003-11-07,71174,
2003-11-08,.,No value available
2003-11-09,.,No value available
2003-11-10,.,No value available
2003-11-11,.,No value available
2003-11-12,.,No value available
2003-11-13,.,No value available
2003-11-14,71174,
2003-11-15,.,No value available
2003-11-16,.,No value available
2003-11-17,.,No value available
2003-11-18,.,No value available
2003-11-19,.,No value available
2003-11-20,.,No value available
2003-11-21,71174,
2003-11-22,.,No value available
2003-11-23,.,No value available
2003-11-24,.,No value available
2003-11-25,.,No value available
2003-11-26,.,No value available
2003-11-27,.,No value available
2003-11-28,71174,
2003-11-29,.,No value available
2003-11-30,.,No value available
2003-12-01,.,No value available
2003-12-02,.,No value available
2003-12-03,.,No value available
2003-12-04,.,No value available
2003-12-05,71174,
2003-12-06,.,No value available
2003-12-07,.,No value available
2003-12-08,.,No value available
2003-12-09,.,No value available
2003-12-10,.,No value available
2003-12-11,.,No value available
2003-12-12,71174,
2003-12-13,.,No value available
2003-12-14,.,No value available
2003-12-15,.,No value available
2003-12-16,.,No value available
2003-12-17,.,No value available
2003-12-18,.,No value available
2003-12-19,71174,
2003-12-20,.,No value available
2003-12-21,.,No value available
2003-12-22,.,No value available
2003-12-23,.,No value available
2003-12-24,71174,
2003-12-25,.,No value available
2003-12-26,.,No value available
2003-12-27,.,No value available
2003-12-28,.,No value available
2003-12-29,.,No value available
2003-12-30,.,No value available
2003-12-31,.,No value available
2004-01-01,.,No value available
2004-01-02,69141,
2004-01-03,.,No value available
2004-01-04,.,No value available
2004-01-05,.,No value available
2004-01-06,.,No value available
2004-01-07,.,No value available
2004-01-08,.,No value available
2004-01-09,69141,
2004-01-10,.,No value available
2004-01-11,.,No value available
2004-01-12,.,No value available
2004-01-13,.,No value available
2004-01-14,.,No value available
2004-01-15,.,No value available
2004-01-16,69141,
2004-01-17,.,No value available
2004-01-18,.,No value available
2004-01-19,.,No value available
2004-01-20,.,No value available
2004-01-21,.,No value available
2004-01-22,.,No value available
2004-01-23,69141,
2004-01-24,.,No value available
2004-01-25,.,No value available
2004-01-26,.,No value available
2004-01-27,.,No value available
2004-01-28,.,No value available
2004-01-29,.,No value available
2004-01-30,69141,
2004-01-31,.,No value available
2004-02-01,.,No value available
2004-02-02,.,No value available
2004-02-03,.,No value available
2004-02-04,.,No value available
2004-02-05,.,No value available
2004-02-06,69141,
2004-02-07,.,No value available
2004-02-08,.,No value available
2004-02-09,.,No value available
2004-02-10,.,No value available
2004-02-11,.,No value available
2004-02-12,.,No value available
2004-02-13,69141,
2004-02-14,.,No value available
2004-02-15,.,No value available
2004-02-16,.,No value available
2004-02-17,.,No value available
2004-02-18,.,No value available
2004-02-19,.,No value available
2004-02-20,69141,
2004-02-21,.,No value available
2004-02-22,.,No value available
2004-02-23,.,No value available
2004-02-24,.,No value available
2004-02-25,.,No value available
2004-02-26,.,No value available
2004-02-27,69141,
2004-02-28,.,No value available
2004-02-29,.,No value available
2004-03-01,.,No value available
2004-03-02,.,No value available
2004-03-03,.,No value available
2004-03-04,.,No value available
2004-03-05,69141,
2004-03-06,.,No value available
2004-03-07,.,No value available
2004-03-08,.,No value available
2004-03-09,.,No value available
2004-03-10,.,No value available
2004-03-11,.,No value available
2004-03-12,69141,
2004-03-13,.,No value available
2004-03-14,.,No value available
2004-03-15,.,No value available
2004-03-16,.,No value available
2004-03-17,.,No value available
2004-03-18,.,No value available
2004-03-19,69141,
2004-03-20,.,No value available
2004-03-21,.,No value available
2004-03-22,.,No value available
2004-03-23,.,No value available
2004-03-24,.,No value available
2004-03-25,.,No value available
2004-03-26,69141,
2004-03-27,.,No value available
2004-03-28,.,No value available
2004-03-29,.,No value available
2004-03-30,.,No value available
2004-03-31,.,No value available
2004-04-01,.,No value available
2004-04-02,80604,
2004-04-03,.,No value available
2004-04-04,.,No value available
2004-04-05,.,No value available
2004-04-06,.,No value available
2004-04-07,.,No value available
2004-04-08,80604,
2004-04-09,.,No value available
2004-04-10,.,No value available
2004-04-11,.,No value available
2004-04-12,.,No value available
2004-04-13,.,No value available
2004-04-14,.,No value available
2004-04-15,.,No value available
2004-04-16,80604,
2004-04-17,.,No value available
2004-04-18,.,No value available
2004-04-19,.,No value available
2004-04-20,.,No value available
2004-04-21,.,No value available
2004-04-22,.,No value available
2004-04-23,80604,
2004-04-24,.,No value available
2004-04-25,.,No value available
2004-04-26,.,No value available
2004-04-27,.,No value available
2004-04-28,.,No value available
2004-04-29,.,No value available
2004-04-30,80604,
2004-05-01,.,No value available
2004-05-02,.,No value available
2004-05-03,.,No value available
2004-05-04,.,No value available
2004-05-05,.,No value available
2004-05-06,.,No value available
2004-05-07,80604,
2004-05-08,.,No value available
2004-05-09,.,No value available
2004-05-10,.,No value available
2004-05-11,.,No value available
2004-05-12,.,No value available
2004-05-13,.,No value available
2004-05-14,80604,
2004-05-15,.,No value available
2004-05-16,.,No value available
2004-05-17,.,No value available
2004-05-18,.,No value available
2004-05-19,.,No value available
2004-05-20,.,No value available
2004-05-21,80604,
2004-05-22,.,No value available
2004-05-23,.,No value available
2004-05-24,.,No value available
2004-05-25,.,No value available
2004-05-26,.,No value available
2004-05-27,.,No value available
2004-05-28,80604,
2004-05-29,.,No value available
2004-05-30,.,No value available
2004-05-31,.,No value available
2004-06-01,.,No value available
2004-06-02,.,No value available
2004-06-03,.,No value available
2004-06-04,80604,
2004-06-05,.,No value available
2004-06-06,.,No value available
2004-06-07,.,No value available
2004-06-08,.,No value available
2004-06-09,.,No value available
2004-06-10,.,No value available
2004-06-11,80604,
2004-06-12,.,No value available
2004-06-13,.,No value available
2004-06-14,.,No value available
2004-06-15,.,No value available
2004-06-16,.,No value available
2004-06-17,.,No value available
2004-06-18,80604,
2004-06-19,.,No value available
2004-06-20,.,No value available
2004-06-21,.,No value available
2004-06-22,.,No value available
2004-06-23,.,No value available
2004-06-24,.,No value available
2004-06-25,80604,
2004-06-26,.,No value available
2004-06-27,.,No value available
2004-06-28,.,No value available
2004-06-29,.,No value available
2004-06-30,.,No value available
2004-07-01,.,No value available
2004-07-02,70205,
2004-07-03,.,No value available
2004-07-04,.,No value available
2004-07-05,.,No value available
2004-07-06,.,No value available
2004-07-07,.,No value available
2004-07-08,.,No value available
2004-07-09,70205,
2004-07-10,.,No value available
2004-07-11,.,No value available
2004-07-12,.,No value available
2004-07-13,.,No value available
2004-07-14,.,No value available
2004-07-15,.,No value available
2004-07-16,70205,
2004-07-17,.,No value available
2004-07-18,.,No value available
2004-07-19,.,No value available
2004-07-20,.,No value available
2004-07-21,.,No value available
2004-07-22,.,No value available
2004-07-23,70205,
2004-07-24,.,No value available
2004-07-25,.,No value available
2004-07-26,.,No value available
2004-07-27,.,No value available
2004-07-28,.,No value available
2004-07-29,.,No value available
2004-07-30,70205,
2004-07-31,.,No value available
2004-08-01,.,No value available
2004-08-02,.,No value available
2004-08-03,.,No value available
2004-08-04,.,No value available
2004-08-05,.,No value available
2004-08-06,70205,
2004-08-07,.,No value available
2004-08-08,.,No value available
2004-08-09,.,No value available
2004-08-10,.,No value available
2004-08-11,.,No value available
2004-08-12,.,No value available
2004-08-13,70205,
2004-08-14,.,No value available
2004-08-15,.,No value available
2004-08-16,.,No value available
2004-08-17,.,No value available
2004-08-18,.,No value available
2004-08-19,.,No value available
2004-08-20,70205,
2004-08-21,.,No value available
2004-08-22,.,No value available
2004-08-23,.,No value available
2004-08-24,.,No value available
2004-08-25,.,No value available
2004-08-26,.,No value available
2004-08-27,70205,
2004-08-28,.,No value available
2004-08-29,.,No value available
2004-08-30,.,No value available
2004-08-31,.,No value available
2004-09-01,.,No value available
2004-09-02,.,No value available
2004-09-03,70205,
2004-09-04,.,No value available
2004-09-05,.,No value available
2004-09-06,.,No value available
2004-09-07,.,No value available
2004-09-08,.,No value available
2004-09-09,.,No value available
2004-09-10,70205,
2004-09-11,.,No value available
2004-09-12,.,No value available
2004-09-13,.,No value available
2004-09-14,.,No value available
2004-09-15,.,No value available
2004-09-16,.,No value available
2004-09-17,70205,
2004-09-18,.,No value available
2004-09-19,.,No value available
2004-09-20,.,No value available
2004-09-21,.,No value available
2004-09-22,.,No value available
2004-09-23,.,No value available
2004-09-24,70205,
2004-09-25,.,No value available
2004-09-26,.,No value available
2004-09-27,.,No value available
2004-09-28,.,No value available
2004-09-29,.,No value available
2004-09-30,.,No value available
2004-10-01,70696,
2004-10-02,.,No value available
2004-10-03,.,No value available
2004-10-04,.,No value available
2004-10-05,.,No value available
2004-10-06,.,No value available
2004-10-07,.,No value available
2004-10-08,70696,
2004-10-09,.,No value available
2004-10-10,.,No value available
2004-10-11,.,No value available
2004-10-12,.,No value available
2004-10-13,.,No value available
2004-10-14,.,No value available
2004-10-15,70696,
2004-10-16,.,No value available
2004-10-17,.,No value available
2004-10-18,.,No value available
2004-10-19,.,No value available
2004-10-20,.,No value available
2004-10-21,.,No value available
2004-10-22,70696,
2004-10-23,.,No value available
2004-10-24,.,No value available
2004-10-25,.,No value available
2004-10-26,.,No value available
2004-10-27,.,No value available
2004-10-28,.,No value available
2004-10-29,70696,
2004-10-30,.,No value available
2004-10-31,.,No value available
2004-11-01,.,No value available
2004-11-02,.,No value available
2004-11-03,.,No value available
2004-11-04,.,No value available
2004-11-05,70696,
2004-11-06,.,No value available
2004-11-07,.,No value available
2004-11-08,.,No value available
2004-11-09,.,No value available
2004-11-10,.,No value available
2004-11-11,.,No value available
2004-11-12,70696,
2004-11-13,.,No value available
2004-11-14,.,No value available
2004-11-15,.,No value available
2004-11-16,.,No value available
2004-11-17,.,No value available
2004-11-18,.,No value available
2004-11-19,70696,
2004-11-20,.,No value available
2004-11-21,.,No value available
2004-11-22,.,No value available
2004-11-23,.,No value available
2004-11-24,.,No value available
2004-11-25,.,No value available
2004-11-26,70696,
2004-11-27,.,No value available
2004-11-28,.,No value available
2004-11-29,.,No value available
2004-11-30,.,No value available
2004-12-01,.,No value available
2004-12-02,.,No value available
2004-12-03,70696,
2004-12-04,.,No value available
2004-12-05,.,No value available
2004-12-06,.,No value available
2004-12-07,.,No value available
2004-12-08,.,No value available
2004-12-09,.,No value available
2004-12-10,70696,
2004-12-11,.,No value available
2004-12-12,.,No value available
2004-12-13,.,No value available
2004-12-14,.,No value available
2004-12-15,.,No value available
2004-12-16,.,No value available
2004-12-17,70696,
2004-12-18,.,No value available
2004-12-19,.,No value available
2004-12-20,.,No value available
2004-12-21,.,No value available
2004-12-22,.,No value available
2004-12-23,.,No value available
2004-12-24,70696,
2004-12-25,.,No value available
2004-12-26,.,No value available
2004-12-27,.,No value available
2004-12-28,.,No value available
2004-12-29,.,No value available
2004-12-30,.,No value available
2004-12-31,64842,
2005-01-01,.,No value available
2005-01-02,.,No value available
2005-01-03,.,No value available
2005-01-04,.,No value available
2005-01-05,.,No value available
2005-01-06,.,No value available
2005-01-07,64842,
2005-01-08,.,No value available
2005-01-09,.,No value available
2005-01-10,.,No value available
2005-01-11,.,No value available
2005-01-12,.,No value available
2005-01-13,.,No value available
2005-01-14,64842,
2005-01-15,.,No value available
2005-01-16,.,No value available
2005-01-17,.,No value available
2005-01-18,.,No value available
2005-01-19,.,No value available
2005-01-20,.,No value available
2005-01-21,64842,
2005-01-22,.,No value available
2005-01-23,.,No value available
2005-01-24,.,No value available
2005-01-25,.,No value available
2005-01-26,.,No value available
2005-01-27,.,No value available
2005-01-28,64842,
2005-01-29,.,No value available
2005-01-30,.,No value available
2005-01-31,.,No value available
2005-02-01,.,No value available
2005-02-02,.,No value available
2005-02-03,.,No value available
2005-02-04,64842,
2005-02-05,.,No value available
2005-02-06,.,No value available
2005-02-07,.,No value available
2005-02-08,.,No value available
2005-02-09,.,No value available
2005-02-10,.,No value available
2005-02-11,64842,
2005-02-12,.,No value available
2005-02-13,.,No value available
2005-02-14,.,No value available
2005-02-15,.,No value available
2005-02-16,.,No value available
2005-02-17,.,No value available
2005-02-18,64842,
2005-02-19,.,No value available
2005-02-20,.,No value available
2005-02-21,.,No value available
2005-02-22,.,No value available
2005-02-23,.,No value available
2005-02-24,.,No value available
2005-02-25,64842,
2005-02-26,.,No value available
2005-02-27,.,No value available
2005-02-28,.,No value available
2005-03-01,.,No value available
2005-03-02,.,No value available
2005-03-03,.,No value available
2005-03-04,64842,
2005-03-05,.,No value available
2005-03-06,.,No value available
2005-03-07,.,No value available
2005-03-08,.,No value available
2005-03-09,.,No value available
2005-03-10,.,No value available
2005-03-11,64842,
2005-03-12,.,No value available
2005-03-13,.,No value available
2005-03-14,.,No value available
2005-03-15,.,No value available
2005-03-16,.,No value available
2005-03-17,.,No value available
2005-03-18,64842,
2005-03-19,.,No value available
2005-03-20,.,No value available
2005-03-21,.,No value available
2005-03-22,.,No value available
2005-03-23,.,No value available
2005-03-24,64842,
2005-03-25,.,No value available
2005-03-26,.,No value available
2005-03-27,.,No value available
2005-03-28,.,No value available
2005-03-29,.,No value available
2005-03-30,.,No value available
2005-03-31,.,No value available
2005-04-01,71961,
2005-04-02,.,No value available
2005-04-03,.,No value available
2005-04-04,.,No value available
2005-04-05,.,No value available
2005-04-06,.,No value available
2005-04-07,.,No value available
2005-04-08,71961,
2005-04-09,.,No value available
2005-04-10,.,No value available
2005-04-11,.,No value available
2005-04-12,.,No value available
2005-04-13,.,No value available
2005-04-14,.,No value available
2005-04-15,71961,
2005-04-16,.,No value available
2005-04-17,.,No value available
2005-04-18,.,No value available
2005-04-19,.,No value available
2005-04-20,.,No value available
2005-04-21,.,No value available
2005-04-22,71961,
2005-04-23,.,No value available
2005-04-24,.,No value available
2005-04-25,.,No value available
2005-04-26,.,No value available
2005-04-27,.,No value available
2005-04-28,.,No value available
2005-04-29,71961,
2005-04-30,.,No value available
2005-05-01,.,No value available
2005-05-02,.,No value available
2005-05-03,.,No value available
2005-05-04,.,No value available
2005-05-05,.,No value available
2005-05-06,71961,
2005-05-07,.,No value available
2005-05-08,.,No value available
2005-05-09,.,No value available
2005-05-10,.,No value available
2005-05-11,.,No value available
2005-05-12,.,No value available
2005-05-13,71961,
2005-05-14,.,No value available
2005-05-15,.,No value available
2005-05-16,.,No value available
2005-05-17,.,No value available
2005-05-18,.,No value available
2005-05-19,.,No value available
2005-05-20,71961,
2005-05-21,.,No value available
2005-05-22,.,No value available
2005-05-23,.,No value available
2005-05-24,.,No value available
2005-05-25,.,No value available
2005-05-26,.,No value available
2005-05-27,71961,
2005-05-28,.,No value available
2005-05-29,.,No value available
2005-05-30,.,No value available
2005-05-31,.,No value available
2005-06-01,.,No value available
2005-06-02,.,No value available
2005-06-03,71961,
2005-06-04,.,No value available
2005-06-05,.,No value available
2005-06-06,.,No value available
2005-06-07,.,No value available
2005-06-08,.,No value available
2005-06-09,.,No value available
2005-06-10,71961,
2005-06-11,.,No value available
2005-06-12,.,No value available
2005-06-13,.,No value available
2005-06-14,.,No value available
2005-06-15,.,No value available
2005-06-16,.,No value available
2005-06-17,71961,
2005-06-18,.,No value available
2005-06-19,.,No value available
2005-06-20,.,No value available
2005-06-21,.,No value available
2005-06-22,.,No value available
2005-06-23,.,No value available
2005-06-24,71961,
2005-06-25,.,No value available
2005-06-26,.,No value available
2005-06-27,.,No value available
2005-06-28,.,No value available
2005-06-29,.,No value available
2005-06-30,.,No value available
2005-07-01,92292,
2005-07-02,.,No value available
2005-07-03,.,No value available
2005-07-04,.,No value available
2005-07-05,.,No value available
2005-07-06,.,No value available
2005-07-07,.,No value available
2005-07-08,92292,
2005-07-09,.,No value available
2005-07-10,.,No value available
2005-07-11,.,No value available
2005-07-12,.,No value available
2005-07-13,.,No value available
2005-07-14,.,No value available
2005-07-15,92292,
2005-07-16,.,No value available
2005-07-17,.,No value available
2005-07-18,.,No value available
2005-07-19,.,No value available
2005-07-20,.,No value available
2005-07-21,.,No value available
2005-07-22,92292,
2005-07-23,.,No value available
2005-07-24,.,No value available
2005-07-25,.,No value available
2005-07-26,.,No value available
2005-07-27,.,No value available
2005-07-28,.,No value available
2005-07-29,92292,
2005-07-30,.,No value available
2005-07-31,.,No value available
2005-08-01,.,No value available
2005-08-02,.,No value available
2005-08-03,.,No value available
2005-08-04,.,No value available
2005-08-05,92292,
2005-08-06,.,No value available
2005-08-07,.,No value available
2005-08-08,.,No value available
2005-08-09,.,No value available
2005-08-10,.,No value available
2005-08-11,.,No value available
2005-08-12,92292,
2005-08-13,.,No value available
2005-08-14,.,No value available
2005-08-15,.,No value available
2005-08-16,.,No value available
2005-08-17,.,No value available
2005-08-18,.,No value available
2005-08-19,92292,
2005-08-20,.,No value available
2005-08-21,.,No value available
2005-08-22,.,No value available
2005-08-23,.,No value available
2005-08-24,.,No value available
2005-08-25,.,No value available
2005-08-26,92292,
2005-08-27,.,No value available
2005-08-28,.,No value available
2005-08-29,.,No value available
2005-08-30,.,No value available
2005-08-31,.,No value available
2005-09-01,.,No value available
2005-09-02,92292,
2005-09-03,.,No value available
2005-09-04,.,No value available
2005-09-05,.,No value available
2005-09-06,.,No value available
2005-09-07,.,No value available
2005-09-08,.,No value available
2005-09-09,92292,
2005-09-10,.,No value available
2005-09-11,.,No value available
2005-09-12,.,No value available
2005-09-13,.,No value available
2005-09-14,.,No value available
2005-09-15,.,No value available
2005-09-16,92292,
2005-09-17,.,No value available
2005-09-18,.,No value available
2005-09-19,.,No value available
2005-09-20,.,No value available
2005-09-21,.,No value available
2005-09-22,.,No value available
2005-09-23,92292,
2005-09-24,.,No value available
2005-09-25,.,No value available
2005-09-26,.,No value available
2005-09-27,.,No value available
2005-09-28,.,No value available
2005-09-29,.,No value available
2005-09-30,103749,
2005-10-01,.,No value available
2005-10-02,.,No value available
2005-10-03,.,No value available
2005-10-04,.,No value available
2005-10-05,.,No value available
2005-10-06,.,No value available
2005-10-07,103749,
2005-10-08,.,No value available
2005-10-09,.,No value available
2005-10-10,.,No value available
2005-10-11,.,No value available
2005-10-12,.,No value available
2005-10-13,.,No value available
2005-10-14,103749,
2005-10-15,.,No value available
2005-10-16,.,No value available
2005-10-17,.,No value available
2005-10-18,.,No value available
2005-10-19,.,No value available
2005-10-20,.,No value available
2005-10-21,103749,
2005-10-22,.,No value available
2005-10-23,.,No value available
2005-10-24,.,No value available
2005-10-25,.,No value available
2005-10-26,.,No value available
2005-10-27,.,No value available
2005-10-28,103749,
2005-10-29,.,No value available
2005-10-30,.,No value available
2005-10-31,.,No value available
2005-11-01,.,No value available
2005-11-02,.,No value available
2005-11-03,.,No value available
2005-11-04,103749,
2005-11-05,.,No value available
2005-11-06,.,No value available
2005-11-07,.,No value available
2005-11-08,.,No value available
2005-11-09,.,No value available
2005-11-10,.,No value available
2005-11-11,103749,
2005-11-12,.,No value available
2005-11-13,.,No value available
2005-11-14,.,No value available
2005-11-15,.,No value available
2005-11-16,.,No value available
2005-11-17,.,No value available
2005-11-18,103749,
2005-11-19,.,No value available
2005-11-20,.,No value available
2005-11-21,.,No value available
2005-11-22,.,No value available
2005-11-23,.,No value available
2005-11-24,.,No value available
2005-11-25,103749,
2005-11-26,.,No value available
2005-11-27,.,No value available
2005-11-28,.,No value available
2005-11-29,.,No value available
2005-11-30,.,No value available
2005-12-01,.,No value available
2005-12-02,103749,
2005-12-03,.,No value available
2005-12-04,.,No value available
2005-12-05,.,No value available
2005-12-06,.,No value available
2005-12-07,.,No value available
2005-12-08,.,No value available
2005-12-09,103749,
2005-12-10,.,No value available
2005-12-11,.,No value available
2005-12-12,.,No value available
2005-12-13,.,No value available
2005-12-14,.,No value available
2005-12-15,.,No value available
2005-12-16,103749,
2005-12-17,.,No value available
2005-12-18,.,No value available
2005-12-19,.,No value available
2005-12-20,.,No value available
2005-12-21,.,No value available
2005-12-22,.,No value available
2005-12-23,103749,
2005-12-24,.,No value available
2005-12-25,.,No value available
2005-12-26,.,No value available
2005-12-27,.,No value available
2005-12-28,.,No value available
2005-12-29,.,No value available
2005-12-30,119113,
2005-12-31,.,No value available
2006-01-01,.,No value available
2006-01-02,.,No value available
2006-01-03,.,No value available
2006-01-04,.,No value available
2006-01-05,.,No value available
2006-01-06,119113,
2006-01-07,.,No value available
2006-01-08,.,No value available
2006-01-09,.,No value available
2006-01-10,.,No value available
2006-01-11,.,No value available
2006-01-12,.,No value available
2006-01-13,119113,
2006-01-14,.,No value available
2006-01-15,.,No value available
2006-01-16,.,No value available
2006-01-17,.,No value available
2006-01-18,.,No value available
2006-01-19,.,No value available
2006-01-20,119113,
2006-01-21,.,No value available
2006-01-22,.,No value available
2006-01-23,.,No value available
2006-01-24,.,No value available
2006-01-25,.,No value available
2006-01-26,.,No value available
2006-01-27,119113,
2006-01-28,.,No value available
2006-01-29,.,No value available
2006-01-30,.,No value available
2006-01-31,.,No value available
2006-02-01,.,No value available
2006-02-02,.,No value available
2006-02-03,119113,
2006-02-04,.,No value available
2006-02-05,.,No value available
2006-02-06,.,No value available
2006-02-07,.,No value available
2006-02-08,.,No value available
2006-02-09,.,No value available
2006-02-10,119113,
2006-02-11,.,No value available
2006-02-12,.,No value available
2006-02-13,.,No value available
2006-02-14,.,No value available
2006-02-15,.,No value available
2006-02-16,.,No value available
2006-02-17,119113,
2006-02-18,.,No value available
2006-02-19,.,No value available
2006-02-20,.,No value available
2006-02-21,.,No value available
2006-02-22,.,No value available
2006-02-23,.,No value available
2006-02-24,119113,
2006-02-25,.,No value available
2006-02-26,.,No value available
2006-02-27,.,No value available
2006-02-28,.,No value available
2006-03-01,.,No value available
2006-03-02,.,No value available
2006-03-03,119113,
2006-03-04,.,No value available
2006-03-05,.,No value available
2006-03-06,.,No value available
2006-03-07,.,No value available
2006-03-08,.,No value available
2006-03-09,.,No value available
2006-03-10,119113,
2006-03-11,.,No value available
2006-03-12,.,No value available
2006-03-13,.,No value available
2006-03-14,.,No value available
2006-03-15,.,No value available
2006-03-16,.,No value available
2006-03-17,119113,
2006-03-18,.,No value available
2006-03-19,.,No value available
2006-03-20,.,No value available
2006-03-21,.,No value available
2006-03-22,.,No value available
2006-03-23,.,No value available
2006-03-24,119113,
2006-03-25,.,No value available
2006-03-26,.,No value available
2006-03-27,.,No value available
2006-03-28,.,No value available
2006-03-29,.,No value available
2006-03-30,.,No value available
2006-03-31,132437,
2006-04-01,.,No value available
2006-04-02,.,No value available
2006-04-03,.,No value available
2006-04-04,.,No value available
2006-04-05,.,No value available
2006-04-06,.,No value available
2006-04-07,132437,
2006-04-08,.,No value available
2006-04-09,.,No value available
2006-04-10,.,No value available
2006-04-11,.,No value available
2006-04-12,.,No value available
2006-04-13,132437,
2006-04-14,.,No value available
2006-04-15,.,No value available
2006-04-16,.,No value available
2006-04-17,.,No value available
2006-04-18,.,No value available
2006-04-19,.,No value available
2006-04-20,.,No value available
2006-04-21,132437,
2006-04-22,.,No value available
2006-04-23,.,No value available
2006-04-24,.,No value available
2006-04-25,.,No value available
2006-04-26,.,No value available
2006-04-27,.,No value available
2006-04-28,132437,
2006-04-29,.,No value available
2006-04-30,.,No value available
2006-05-01,.,No value available
2006-05-02,.,No value available
2006-05-03,.,No value available
2006-05-04,.,No value available
2006-05-05,132437,
2006-05-06,.,No value available
2006-05-07,.,No value available
2006-05-08,.,No value available
2006-05-09,.,No value available
2006-05-10,.,No value available
2006-05-11,.,No value available
2006-05-12,132437,
2006-05-13,.,No value available
2006-05-14,.,No value available
2006-05-15,.,No value available
2006-05-16,.,No value available
2006-05-17,.,No value available
2006-05-18,.,No value available
2006-05-19,132437,
2006-05-20,.,No value available
2006-05-21,.,No value available
2006-05-22,.,No value available
2006-05-23,.,No value available
2006-05-24,.,No value available
2006-05-25,.,No value available
2006-05-26,132437,
2006-05-27,.,No value available
2006-05-28,.,No value available
2006-05-29,.,No value available
2006-05-30,.,No value available
2006-05-31,.,No value available
2006-06-01,.,No value available
2006-06-02,132437,
2006-06-03,.,No value available
2006-06-04,.,No value available
2006-06-05,.,No value available
2006-06-06,.,No value available
2006-06-07,.,No value available
2006-06-08,.,No value available
2006-06-09,132437,
2006-06-10,.,No value available
2006-06-11,.,No value available
2006-06-12,.,No value available
2006-06-13,.,No value available
2006-06-14,.,No value available
2006-06-15,.,No value available
2006-06-16,132437,
2006-06-17,.,No value available
2006-06-18,.,No value available
2006-06-19,.,No value available
2006-06-20,.,No value available
2006-06-21,.,No value available
2006-06-22,.,No value available
2006-06-23,132437,
2006-06-24,.,No value available
2006-06-25,.,No value available
2006-06-26,.,No value available
2006-06-27,.,No value available
2006-06-28,.,No value available
2006-06-29,.,No value available
2006-06-30,121984,
2006-07-01,.,No value available
2006-07-02,.,No value available
2006-07-03,.,No value available
2006-07-04,.,No value available
2006-07-05,.,No value available
2006-07-06,.,No value available
2006-07-07,121984,
2006-07-08,.,No value available
2006-07-09,.,No value available
2006-07-10,.,No value available
2006-07-11,.,No value available
2006-07-12,.,No value available
2006-07-13,.,No value available
2006-07-14,121984,
2006-07-15,.,No value available
2006-07-16,.,No value available
2006-07-17,.,No value available
2006-07-18,.,No value available
2006-07-19,.,No value available
2006-07-20,.,No value available
2006-07-21,121984,
2006-07-22,.,No value available
2006-07-23,.,No value available
2006-07-24,.,No value available
2006-07-25,.,No value available
2006-07-26,.,No value available
2006-07-27,.,No value available
2006-07-28,121984,
2006-07-29,.,No value available
2006-07-30,.,No value available
2006-07-31,.,No value available
2006-08-01,.,No value available
2006-08-02,.,No value available
2006-08-03,.,No value available
2006-08-04,121984,
2006-08-05,.,No value available
2006-08-06,.,No value available
2006-08-07,.,No value available
2006-08-08,.,No value available
2006-08-09,.,No value available
2006-08-10,.,No value available
2006-08-11,121984,
2006-08-12,.,No value available
2006-08-13,.,No value available
2006-08-14,.,No value available
2006-08-15,.,No value available
2006-08-16,.,No value available
2006-08-17,.,No value available
2006-08-18,121984,
2006-08-19,.,No value available
2006-08-20,.,No value available
2006-08-21,.,No value available
2006-08-22,.,No value available
2006-08-23,.,No value available
2006-08-24,.,No value available
2006-08-25,121984,
2006-08-26,.,No value available
2006-08-27,.,No value available
2006-08-28,.,No value available
2006-08-29,.,No value available
2006-08-30,.,No value available
2006-08-31,.,No value available
2006-09-01,121984,
2006-09-02,.,No value available
2006-09-03,.,No value available
2006-09-04,.,No value available
2006-09-05,.,No value available
2006-09-06,.,No value available
2006-09-07,.,No value available
2006-09-08,121984,
2006-09-09,.,No value available
2006-09-10,.,No value available
2006-09-11,.,No value available
2006-09-12,.,No value available
2006-09-13,.,No value available
2006-09-14,.,No value available
2006-09-15,121984,
2006-09-16,.,No value available
2006-09-17,.,No value available
2006-09-18,.,No value available
2006-09-19,.,No value available
2006-09-20,.,No value available
2006-09-21,.,No value available
2006-09-22,121984,
2006-09-23,.,No value available
2006-09-24,.,No value available
2006-09-25,.,No value available
2006-09-26,.,No value available
2006-09-27,.,No value available
2006-09-28,.,No value available
2006-09-29,123721,
2006-09-30,.,No value available
2006-10-01,.,No value available
2006-10-02,.,No value available
2006-10-03,.,No value available
2006-10-04,.,No value available
2006-10-05,.,No value available
2006-10-06,123721,
2006-10-07,.,No value available
2006-10-08,.,No value available
2006-10-09,.,No value available
2006-10-10,.,No value available
2006-10-11,.,No value available
2006-10-12,.,No value available
2006-10-13,123721,
2006-10-14,.,No value available
2006-10-15,.,No value available
2006-10-16,.,No value available
2006-10-17,.,No value available
2006-10-18,.,No value available
2006-10-19,.,No value available
2006-10-20,123721,
2006-10-21,.,No value available
2006-10-22,.,No value available
2006-10-23,.,No value available
2006-10-24,.,No value available
2006-10-25,.,No value available
2006-10-26,.,No value available
2006-10-27,123721,
2006-10-28,.,No value available
2006-10-29,.,No value available
2006-10-30,.,No value available
2006-10-31,.,No value available
2006-11-01,.,No value available
2006-11-02,.,No value available
2006-11-03,123721,
2006-11-04,.,No value available
2006-11-05,.,No value available
2006-11-06,.,No value available
2006-11-07,.,No value available
2006-11-08,.,No value available
2006-11-09,.,No value available
2006-11-10,123721,
2006-11-11,.,No value available
2006-11-12,.,No value available
2006-11-13,.,No value available
2006-11-14,.,No value available
2006-11-15,.,No value available
2006-11-16,.,No value available
2006-11-17,123721,
2006-11-18,.,No value available
2006-11-19,.,No value available
2006-11-20,.,No value available
2006-11-21,.,No value available
2006-11-22,.,No value available
2006-11-23,.,No value available
2006-11-24,123721,
2006-11-25,.,No value available
2006-11-26,.,No value available
2006-11-27,.,No value available
2006-11-28,.,No value available
2006-11-29,.,No value available
2006-11-30,.,No value available
2006-12-01,123721,
2006-12-02,.,No value available
2006-12-03,.,No value available
2006-12-04,.,No value available
2006-12-05,.,No value available
2006-12-06,.,No value available
2006-12-07,.,No value available
2006-12-08,123721,
2006-12-09,.,No value available
2006-12-10,.,No value available
2006-12-11,.,No value available
2006-12-12,.,No value available
2006-12-13,.,No value available
2006-12-14,.,No value available
2006-12-15,123721,
2006-12-16,.,No value available
2006-12-17,.,No value available
2006-12-18,.,No value available
2006-12-19,.,No value available
2006-12-20,.,No value available
2006-12-21,.,No value available
2006-12-22,123721,
2006-12-23,.,No value available
2006-12-24,.,No value available
2006-12-25,.,No value available
2006-12-26,.,No value available
2006-12-27,.,No value available
2006-12-28,.,No value available
2006-12-29,121991,
2006-12-30,.,No value available
2006-12-31,.,No value available
2007-01-01,.,No value available
2007-01-02,.,No value available
2007-01-03,.,No value available
2007-01-04,.,No value available
2007-01-05,121990,
2007-01-06,.,No value available
2007-01-07,.,No value available
2007-01-08,.,No value available
2007-01-09,.,No value available
2007-01-10,.,No value available
2007-01-11,.,No value available
2007-01-12,121990,
2007-01-13,.,No value available
2007-01-14,.,No value available
2007-01-15,.,No value available
2007-01-16,.,No value available
2007-01-17,.,No value available
2007-01-18,.,No value available
2007-01-19,121990,
2007-01-20,.,No value available
2007-01-21,.,No value available
2007-01-22,.,No value available
2007-01-23,.,No value available
2007-01-24,.,No value available
2007-01-25,.,No value available
2007-01-26,121990,
2007-01-27,.,No value available
2007-01-28,.,No value available
2007-01-29,.,No value available
2007-01-30,.,No value available
2007-01-31,.,No value available
2007-02-01,.,No value available
2007-02-02,121990,
2007-02-03,.,No value available
2007-02-04,.,No value available
2007-02-05,.,No value available
2007-02-06,.,No value available
2007-02-07,.,No value available
2007-02-08,.,No value available
2007-02-09,121990,
2007-02-10,.,No value available
2007-02-11,.,No value available
2007-02-12,.,No value available
2007-02-13,.,No value available
2007-02-14,.,No value available
2007-02-15,.,No value available
2007-02-16,121990,
2007-02-17,.,No value available
2007-02-18,.,No value available
2007-02-19,.,No value available
2007-02-20,.,No value available
2007-02-21,.,No value available
2007-02-22,.,No value available
2007-02-23,121990,
2007-02-24,.,No value available
2007-02-25,.,No value available
2007-02-26,.,No value available
2007-02-27,.,No value available
2007-02-28,.,No value available
2007-03-01,.,No value available
2007-03-02,121990,
2007-03-03,.,No value available
2007-03-04,.,No value available
2007-03-05,.,No value available
2007-03-06,.,No value available
2007-03-07,.,No value available
2007-03-08,.,No value available
2007-03-09,121990,
2007-03-10,.,No value available
2007-03-11,.,No value available
2007-03-12,.,No value available
2007-03-13,.,No value available
2007-03-14,.,No value available
2007-03-15,.,No value available
2007-03-16,121990,
2007-03-17,.,No value available
2007-03-18,.,No value available
2007-03-19,.,No value available
2007-03-20,.,No value available
2007-03-21,.,No value available
2007-03-22,.,No value available
2007-03-23,121990,
2007-03-24,.,No value available
2007-03-25,.,No value available
2007-03-26,.,No value available
2007-03-27,.,No value available
2007-03-28,.,No value available
2007-03-29,.,No value available
2007-03-30,125521,
2007-03-31,.,No value available
2007-04-01,.,No value available
2007-04-02,.,No value available
2007-04-03,.,No value available
2007-04-04,.,No value available
2007-04-05,125521,
2007-04-06,.,No value available
2007-04-07,.,No value available
2007-04-08,.,No value available
2007-04-09,.,No value available
2007-04-10,.,No value available
2007-04-11,.,No value available
2007-04-12,.,No value available
2007-04-13,125521,
2007-04-14,.,No value available
2007-04-15,.,No value available
2007-04-16,.,No value available
2007-04-17,.,No value available
2007-04-18,.,No value available
2007-04-19,.,No value available
2007-04-20,125521,
2007-04-21,.,No value available
2007-04-22,.,No value available
2007-04-23,.,No value available
2007-04-24,.,No value available
2007-04-25,.,No value available
2007-04-26,.,No value available
2007-04-27,125521,
2007-04-28,.,No value available
2007-04-29,.,No value available
2007-04-30,.,No value available
2007-05-01,.,No value available
2007-05-02,.,No value available
2007-05-03,.,No value available
2007-05-04,125521,
2007-05-05,.,No value available
2007-05-06,.,No value available
2007-05-07,.,No value available
2007-05-08,.,No value available
2007-05-09,.,No value available
2007-05-10,.,No value available
2007-05-11,125521,
2007-05-12,.,No value available
2007-05-13,.,No value available
2007-05-14,.,No value available
2007-05-15,.,No value available
2007-05-16,.,No value available
2007-05-17,.,No value available
2007-05-18,125521,
2007-05-19,.,No value available
2007-05-20,.,No value available
2007-05-21,.,No value available
2007-05-22,.,No value available
2007-05-23,.,No value available
2007-05-24,.,No value available
2007-05-25,125521,
2007-05-26,.,No value available
2007-05-27,.,No value available
2007-05-28,.,No value available
2007-05-29,.,No value available
2007-05-30,.,No value available
2007-05-31,.,No value available
2007-06-01,125521,
2007-06-02,.,No value available
2007-06-03,.,No value available
2007-06-04,.,No value available
2007-06-05,.,No value available
2007-06-06,.,No value available
2007-06-07,.,No value available
2007-06-08,125521,
2007-06-09,.,No value available
2007-06-10,.,No value available
2007-06-11,.,No value available
2007-06-12,.,No value available
2007-06-13,.,No value available
2007-06-14,.,No value available
2007-06-15,125521,
2007-06-16,.,No value available
2007-06-17,.,No value available
2007-06-18,.,No value available
2007-06-19,.,No value available
2007-06-20,.,No value available
2007-06-21,.,No value available
2007-06-22,125521,
2007-06-23,.,No value available
2007-06-24,.,No value available
2007-06-25,.,No value available
2007-06-26,.,No value available
2007-06-27,.,No value available
2007-06-28,.,No value available
2007-06-29,117010,
2007-06-30,.,No value available
2007-07-01,.,No value available
2007-07-02,.,No value available
2007-07-03,.,No value available
2007-07-04,.,No value available
2007-07-05,.,No value available
2007-07-06,117010,
2007-07-07,.,No value available
2007-07-08,.,No value available
2007-07-09,.,No value available
2007-07-10,.,No value available
2007-07-11,.,No value available
2007-07-12,.,No value available
2007-07-13,117010,
2007-07-14,.,No value available
2007-07-15,.,No value available
2007-07-16,.,No value available
2007-07-17,.,No value available
2007-07-18,.,No value available
2007-07-19,.,No value available
2007-07-20,117010,
2007-07-21,.,No value available
2007-07-22,.,No value available
2007-07-23,.,No value available
2007-07-24,.,No value available
2007-07-25,.,No value available
2007-07-26,.,No value available
2007-07-27,117010,
2007-07-28,.,No value available
2007-07-29,.,No value available
2007-07-30,.,No value available
2007-07-31,.,No value available
2007-08-01,.,No value available
2007-08-02,.,No value available
2007-08-03,117010,
2007-08-04,.,No value available
2007-08-05,.,No value available
2007-08-06,.,No value available
2007-08-07,.,No value available
2007-08-08,.,No value available
2007-08-09,.,No value available
2007-08-10,117010,
2007-08-11,.,No value available
2007-08-12,.,No value available
2007-08-13,.,No value available
2007-08-14,.,No value available
2007-08-15,.,No value available
2007-08-16,.,No value available
2007-08-17,117010,
2007-08-18,.,No value available
2007-08-19,.,No value available
2007-08-20,.,No value available
2007-08-21,.,No value available
2007-08-22,.,No value available
2007-08-23,.,No value available
2007-08-24,117010,
2007-08-25,.,No value available
2007-08-26,.,No value available
2007-08-27,.,No value available
2007-08-28,.,No value available
2007-08-29,.,No value available
2007-08-30,.,No value available
2007-08-31,117010,
2007-09-01,.,No value available
2007-09-02,.,No value available
2007-09-03,.,No value available
2007-09-04,.,No value available
2007-09-05,.,No value available
2007-09-06,.,No value available
2007-09-07,117010,
2007-09-08,.,No value available
2007-09-09,.,No value available
2007-09-10,.,No value available
2007-09-11,.,No value available
2007-09-12,.,No value available
2007-09-13,.,No value available
2007-09-14,117010,
2007-09-15,.,No value available
2007-09-16,.,No value available
2007-09-17,.,No value available
2007-09-18,.,No value available
2007-09-19,.,No value available
2007-09-20,.,No value available
2007-09-21,117010,
2007-09-22,.,No value available
2007-09-23,.,No value available
2007-09-24,.,No value available
2007-09-25,.,No value available
2007-09-26,.,No value available
2007-09-27,.,No value available
2007-09-28,131060,
2007-09-29,.,No value available
2007-09-30,.,No value available
2007-10-01,.,No value available
2007-10-02,.,No value available
2007-10-03,.,No value available
2007-10-04,.,No value available
2007-10-05,131060,
2007-10-06,.,No value available
2007-10-07,.,No value available
2007-10-08,.,No value available
2007-10-09,.,No value available
2007-10-10,.,No value available
2007-10-11,.,No value available
2007-10-12,131060,
2007-10-13,.,No value available
2007-10-14,.,No value available
2007-10-15,.,No value available
2007-10-16,.,No value available
2007-10-17,.,No value available
2007-10-18,.,No value available
2007-10-19,131060,
2007-10-20,.,No value available
2007-10-21,.,No value available
2007-10-22,.,No value available
2007-10-23,.,No value available
2007-10-24,.,No value available
2007-10-25,.,No value available
2007-10-26,131060,
2007-10-27,.,No value available
2007-10-28,.,No value available
2007-10-29,.,No value available
2007-10-30,.,No value available
2007-10-31,.,No value available
2007-11-01,.,No value available
2007-11-02,131060,
2007-11-03,.,No value available
2007-11-04,.,No value available
2007-11-05,.,No value available
2007-11-06,.,No value available
2007-11-07,.,No value available
2007-11-08,.,No value available
2007-11-09,131060,
2007-11-10,.,No value available
2007-11-11,.,No value available
2007-11-12,.,No value available
2007-11-13,.,No value available
2007-11-14,.,No value available
2007-11-15,.,No value available
2007-11-16,131060,
2007-11-17,.,No value available
2007-11-18,.,No value available
2007-11-19,.,No value available
2007-11-20,.,No value available
2007-11-21,.,No value available
2007-11-22,.,No value available
2007-11-23,131060,
2007-11-24,.,No value available
2007-11-25,.,No value available
2007-11-26,.,No value available
2007-11-27,.,No value available
2007-11-28,.,No value available
2007-11-29,.,No value available
2007-11-30,131060,
2007-12-01,.,No value available
2007-12-02,.,No value available
2007-12-03,.,No value available
2007-12-04,.,No value available
2007-12-05,.,No value available
2007-12-06,.,No value available
2007-12-07,131060,
2007-12-08,.,No value available
2007-12-09,.,No value available
2007-12-10,.,No value available
2007-12-11,.,No value available
2007-12-12,.,No value available
2007-12-13,.,No value available
2007-12-14,131060,
2007-12-15,.,No value available
2007-12-16,.,No value available
2007-12-17,.,No value available
2007-12-18,.,No value available
2007-12-19,.,No value available
2007-12-20,.,No value available
2007-12-21,131060,
2007-12-22,.,No value available
2007-12-23,.,No value available
2007-12-24,.,No value available
2007-12-25,.,No value available
2007-12-26,.,No value available
2007-12-27,.,No value available
2007-12-28,131060,
2007-12-29,.,No value available
2007-12-30,.,No value available
2007-12-31,.,No value available
2008-01-01,.,No value available
2008-01-02,.,No value available
2008-01-03,.,No value available
2008-01-04,147665,
2008-01-05,.,No value available
2008-01-06,.,No value available
2008-01-07,.,No value available
2008-01-08,.,No value available
2008-01-09,.,No value available
2008-01-10,.,No value available
2008-01-11,147665,
2008-01-12,.,No value available
2008-01-13,.,No value available
2008-01-14,.,No value available
2008-01-15,.,No value available
2008-01-16,.,No value available
2008-01-17,.,No value available
2008-01-18,147665,
2008-01-19,.,No value available
2008-01-20,.,No value available
2008-01-21,.,No value available
2008-01-22,.,No value available
2008-01-23,.,No value available
2008-01-24,.,No value available
2008-01-25,147665,
2008-01-26,.,No value available
2008-01-27,.,No value available
2008-01-28,.,No value available
2008-01-29,.,No value available
2008-01-30,.,No value available
2008-01-31,.,No value available
2008-02-01,147665,
2008-02-02,.,No value available
2008-02-03,.,No value available
2008-02-04,.,No value available
2008-02-05,.,No value available
2008-02-06,.,No value available
2008-02-07,.,No value available
2008-02-08,147665,
2008-02-09,.,No value available
2008-02-10,.,No value available
2008-02-11,.,No value available
2008-02-12,.,No value available
2008-02-13,.,No value available
2008-02-14,.,No value available
2008-02-15,147665,
2008-02-16,.,No value available
2008-02-17,.,No value available
2008-02-18,.,No value available
2008-02-19,.,No value available
2008-02-20,.,No value available
2008-02-21,.,No value available
2008-02-22,147665,
2008-02-23,.,No value available
2008-02-24,.,No value available
2008-02-25,.,No value available
2008-02-26,.,No value available
2008-02-27,.,No value available
2008-02-28,.,No value available
2008-02-29,147665,
2008-03-01,.,No value available
2008-03-02,.,No value available
2008-03-03,.,No value available
2008-03-04,.,No value available
2008-03-05,.,No value available
2008-03-06,.,No value available
2008-03-07,147665,
2008-03-08,.,No value available
2008-03-09,.,No value available
2008-03-10,.,No value available
2008-03-11,.,No value available
2008-03-12,.,No value available
2008-03-13,.,No value available
2008-03-14,147666,
2008-03-15,.,No value available
2008-03-16,.,No value available
2008-03-17,.,No value available
2008-03-18,.,No value available
2008-03-19,.,No value available
2008-03-20,147666,
2008-03-21,.,No value available
2008-03-22,.,No value available
2008-03-23,.,No value available
2008-03-24,.,No value available
2008-03-25,.,No value available
2008-03-26,.,No value available
2008-03-27,.,No value available
2008-03-28,147666,
2008-03-29,.,No value available
2008-03-30,.,No value available
2008-03-31,.,No value available
2008-04-01,.,No value available
2008-04-02,.,No value available
2008-04-03,.,No value available
2008-04-04,156231,
2008-04-05,.,No value available
2008-04-06,.,No value available
2008-04-07,.,No value available
2008-04-08,.,No value available
2008-04-09,.,No value available
2008-04-10,.,No value available
2008-04-11,156231,
2008-04-12,.,No value available
2008-04-13,.,No value available
2008-04-14,.,No value available
2008-04-15,.,No value available
2008-04-16,.,No value available
2008-04-17,.,No value available
2008-04-18,156231,
2008-04-19,.,No value available
2008-04-20,.,No value available
2008-04-21,.,No value available
2008-04-22,.,No value available
2008-04-23,.,No value available
2008-04-24,.,No value available
2008-04-25,156231,
2008-04-26,.,No value available
2008-04-27,.,No value available
2008-04-28,.,No value available
2008-04-29,.,No value available
2008-04-30,.,No value available
2008-05-01,.,No value available
2008-05-02,156231,
2008-05-03,.,No value available
2008-05-04,.,No value available
2008-05-05,.,No value available
2008-05-06,.,No value available
2008-05-07,.,No value available
2008-05-08,.,No value available
2008-05-09,156231,
2008-05-10,.,No value available
2008-05-11,.,No value available
2008-05-12,.,No value available
2008-05-13,.,No value available
2008-05-14,.,No value available
2008-05-15,.,No value available
2008-05-16,156231,
2008-05-17,.,No value available
2008-05-18,.,No value available
2008-05-19,.,No value available
2008-05-20,.,No value available
2008-05-21,.,No value available
2008-05-22,.,No value available
2008-05-23,156231,
2008-05-24,.,No value available
2008-05-25,.,No value available
2008-05-26,.,No value available
2008-05-27,.,No value available
2008-05-28,.,No value available
2008-05-29,.,No value available
2008-05-30,156231,
2008-05-31,.,No value available
2008-06-01,.,No value available
2008-06-02,.,No value available
2008-06-03,.,No value available
2008-06-04,.,No value available
2008-06-05,.,No value available
2008-06-06,156231,
2008-06-07,.,No value available
2008-06-08,.,No value available
2008-06-09,.,No value available
2008-06-10,.,No value available
2008-06-11,.,No value available
2008-06-12,.,No value available
2008-06-13,156231,
2008-06-14,.,No value available
2008-06-15,.,No value available
2008-06-16,.,No value available
2008-06-17,.,No value available
2008-06-18,.,No value available
2008-06-19,.,No value available
2008-06-20,156231,
2008-06-21,.,No value available
2008-06-22,.,No value available
2008-06-23,.,No value available
2008-06-24,.,No value available
2008-06-25,.,No value available
2008-06-26,.,No value available
2008-06-27,156231,
2008-06-28,.,No value available
2008-06-29,.,No value available
2008-06-30,.,No value available
2008-07-01,.,No value available
2008-07-02,.,No value available
2008-07-03,.,No value available
2008-07-04,152364,
2008-07-05,.,No value available
2008-07-06,.,No value available
2008-07-07,.,No value available
2008-07-08,.,No value available
2008-07-09,.,No value available
2008-07-10,.,No value available
2008-07-11,152364,
2008-07-12,.,No value available
2008-07-13,.,No value available
2008-07-14,.,No value available
2008-07-15,.,No value available
2008-07-16,.,No value available
2008-07-17,.,No value available
2008-07-18,152364,
2008-07-19,.,No value available
2008-07-20,.,No value available
2008-07-21,.,No value available
2008-07-22,.,No value available
2008-07-23,.,No value available
2008-07-24,.,No value available
2008-07-25,152364,
2008-07-26,.,No value available
2008-07-27,.,No value available
2008-07-28,.,No value available
2008-07-29,.,No value available
2008-07-30,.,No value available
2008-07-31,.,No value available
2008-08-01,152364,
2008-08-02,.,No value available
2008-08-03,.,No value available
2008-08-04,.,No value available
2008-08-05,.,No value available
2008-08-06,.,No value available
2008-08-07,.,No value available
2008-08-08,152364,
2008-08-09,.,No value available
2008-08-10,.,No value available
2008-08-11,.,No value available
2008-08-12,.,No value available
2008-08-13,.,No value available
2008-08-14,.,No value available
2008-08-15,152364,
2008-08-16,.,No value available
2008-08-17,.,No value available
2008-08-18,.,No value available
2008-08-19,.,No value available
2008-08-20,.,No value available
2008-08-21,.,No value available
2008-08-22,152364,
2008-08-23,.,No value available
2008-08-24,.,No value available
2008-08-25,.,No value available
2008-08-26,.,No value available
2008-08-27,.,No value available
2008-08-28,.,No value available
2008-08-29,152364,
2008-08-30,.,No value available
2008-08-31,.,No value available
2008-09-01,.,No value available
2008-09-02,.,No value available
2008-09-03,.,No value available
2008-09-04,.,No value available
2008-09-05,152364,
2008-09-06,.,No value available
2008-09-07,.,No value available
2008-09-08,.,No value available
2008-09-09,.,No value available
2008-09-10,.,No value available
2008-09-11,.,No value available
2008-09-12,152364,
2008-09-13,.,No value available
2008-09-14,.,No value available
2008-09-15,.,No value available
2008-09-16,.,No value available
2008-09-17,.,No value available
2008-09-18,.,No value available
2008-09-19,152364,
2008-09-20,.,No value available
2008-09-21,.,No value available
2008-09-22,.,No value available
2008-09-23,.,No value available
2008-09-24,.,No value available
2008-09-25,.,No value available
2008-09-26,152364,
2008-09-27,.,No value available
2008-09-28,.,No value available
2008-09-29,.,No value available
2008-09-30,.,No value available
2008-10-01,.,No value available
2008-10-02,.,No value available
2008-10-03,168678,
2008-10-04,.,No value available
2008-10-05,.,No value available
2008-10-06,.,No value available
2008-10-07,.,No value available
2008-10-08,.,No value available
2008-10-09,.,No value available
2008-10-10,168685,
2008-10-11,.,No value available
2008-10-12,.,No value available
2008-10-13,.,No value available
2008-10-14,.,No value available
2008-10-15,.,No value available
2008-10-16,.,No value available
2008-10-17,168685,
2008-10-18,.,No value available
2008-10-19,.,No value available
2008-10-20,.,No value available
2008-10-21,.,No value available
2008-10-22,.,No value available
2008-10-23,.,No value available
2008-10-24,168685,
2008-10-25,.,No value available
2008-10-26,.,No value available
2008-10-27,.,No value available
2008-10-28,.,No value available
2008-10-29,.,No value available
2008-10-30,.,No value available
2008-10-31,168685,
2008-11-01,.,No value available
2008-11-02,.,No value available
2008-11-03,.,No value available
2008-11-04,.,No value available
2008-11-05,.,No value available
2008-11-06,.,No value available
2008-11-07,168685,
2008-11-08,.,No value available
2008-11-09,.,No value available
2008-11-10,.,No value available
2008-11-11,.,No value available
2008-11-12,.,No value available
2008-11-13,.,No value available
2008-11-14,168685,
2008-11-15,.,No value available
2008-11-16,.,No value available
2008-11-17,.,No value available
2008-11-18,.,No value available
2008-11-19,.,No value available
2008-11-20,.,No value available
2008-11-21,168685,
2008-11-22,.,No value available
2008-11-23,.,No value available
2008-11-24,.,No value available
2008-11-25,.,No value available
2008-11-26,.,No value available
2008-11-27,.,No value available
2008-11-28,168685,
2008-11-29,.,No value available
2008-11-30,.,No value available
2008-12-01,.,No value available
2008-12-02,.,No value available
2008-12-03,.,No value available
2008-12-04,.,No value available
2008-12-05,168685,
2008-12-06,.,No value available
2008-12-07,.,No value available
2008-12-08,.,No value available
2008-12-09,.,No value available
2008-12-10,.,No value available
2008-12-11,.,No value available
2008-12-12,168685,
2008-12-13,.,No value available
2008-12-14,.,No value available
2008-12-15,.,No value available
2008-12-16,.,No value available
2008-12-17,.,No value available
2008-12-18,.,No value available
2008-12-19,168685,
2008-12-20,.,No value available
2008-12-21,.,No value available
2008-12-22,.,No value available
2008-12-23,.,No value available
2008-12-24,.,No value available
2008-12-25,.,No value available
2008-12-26,168685,
2008-12-27,.,No value available
2008-12-28,.,No value available
2008-12-29,.,No value available
2008-12-30,.,No value available
2008-12-31,.,No value available
2009-01-01,.,No value available
2009-01-02,176589,
2009-01-03,.,No value available
2009-01-04,.,No value available
2009-01-05,.,No value available
2009-01-06,.,No value available
2009-01-07,.,No value available
2009-01-08,.,No value available
2009-01-09,176589,
2009-01-10,.,No value available
2009-01-11,.,No value available
2009-01-12,.,No value available
2009-01-13,.,No value available
2009-01-14,.,No value available
2009-01-15,.,No value available
2009-01-16,176589,
2009-01-17,.,No value available
2009-01-18,.,No value available
2009-01-19,.,No value available
2009-01-20,.,No value available
2009-01-21,.,No value available
2009-01-22,.,No value available
2009-01-23,176589,
2009-01-24,.,No value available
2009-01-25,.,No value available
2009-01-26,.,No value available
2009-01-27,.,No value available
2009-01-28,.,No value available
2009-01-29,.,No value available
2009-01-30,176589,
2009-01-31,.,No value available
2009-02-01,.,No value available
2009-02-02,.,No value available
2009-02-03,.,No value available
2009-02-04,.,No value available
2009-02-05,.,No value available
2009-02-06,176589,
2009-02-07,.,No value available
2009-02-08,.,No value available
2009-02-09,.,No value available
2009-02-10,.,No value available
2009-02-11,.,No value available
2009-02-12,.,No value available
2009-02-13,176589,
2009-02-14,.,No value available
2009-02-15,.,No value available
2009-02-16,.,No value available
2009-02-17,.,No value available
2009-02-18,.,No value available
2009-02-19,.,No value available
2009-02-20,176589,
2009-02-21,.,No value available
2009-02-22,.,No value available
2009-02-23,.,No value available
2009-02-24,.,No value available
2009-02-25,.,No value available
2009-02-26,.,No value available
2009-02-27,176589,
2009-02-28,.,No value available
2009-03-01,.,No value available
2009-03-02,.,No value available
2009-03-03,.,No value available
2009-03-04,.,No value available
2009-03-05,.,No value available
2009-03-06,176589,
2009-03-07,.,No value available
2009-03-08,.,No value available
2009-03-09,.,No value available
2009-03-10,.,No value available
2009-03-11,.,No value available
2009-03-12,.,No value available
2009-03-13,176589,
2009-03-14,.,No value available
2009-03-15,.,No value available
2009-03-16,.,No value available
2009-03-17,.,No value available
2009-03-18,.,No value available
2009-03-19,.,No value available
2009-03-20,176589,
2009-03-21,.,No value available
2009-03-22,.,No value available
2009-03-23,.,No value available
2009-03-24,.,No value available
2009-03-25,.,No value available
2009-03-26,.,No value available
2009-03-27,176589,
2009-03-28,.,No value available
2009-03-29,.,No value available
2009-03-30,.,No value available
2009-03-31,.,No value available
2009-04-01,.,No value available
2009-04-02,.,No value available
2009-04-03,202952,
2009-04-04,.,No value available
2009-04-05,.,No value available
2009-04-06,.,No value available
2009-04-07,.,No value available
2009-04-08,.,No value available
2009-04-09,202952,
2009-04-10,.,No value available
2009-04-11,.,No value available
2009-04-12,.,No value available
2009-04-13,.,No value available
2009-04-14,.,No value available
2009-04-15,.,No value available
2009-04-16,.,No value available
2009-04-17,202952,
2009-04-18,.,No value available
2009-04-19,.,No value available
2009-04-20,.,No value available
2009-04-21,.,No value available
2009-04-22,.,No value available
2009-04-23,.,No value available
2009-04-24,202952,
2009-04-25,.,No value available
2009-04-26,.,No value available
2009-04-27,.,No value available
2009-04-28,.,No value available
2009-04-29,.,No value available
2009-04-30,.,No value available
2009-05-01,202952,
2009-05-02,.,No value available
2009-05-03,.,No value available
2009-05-04,.,No value available
2009-05-05,.,No value available
2009-05-06,.,No value available
2009-05-07,.,No value available
2009-05-08,202952,
2009-05-09,.,No value available
2009-05-10,.,No value available
2009-05-11,.,No value available
2009-05-12,.,No value available
2009-05-13,.,No value available
2009-05-14,.,No value available
2009-05-15,202952,
2009-05-16,.,No value available
2009-05-17,.,No value available
2009-05-18,.,No value available
2009-05-19,.,No value available
2009-05-20,.,No value available
2009-05-21,.,No value available
2009-05-22,202952,
2009-05-23,.,No value available
2009-05-24,.,No value available
2009-05-25,.,No value available
2009-05-26,.,No value available
2009-05-27,.,No value available
2009-05-28,.,No value available
2009-05-29,202952,
2009-05-30,.,No value available
2009-05-31,.,No value available
2009-06-01,.,No value available
2009-06-02,.,No value available
2009-06-03,.,No value available
2009-06-04,.,No value available
2009-06-05,202952,
2009-06-06,.,No value available
2009-06-07,.,No value available
2009-06-08,.,No value available
2009-06-09,.,No value available
2009-06-10,.,No value available
2009-06-11,.,No value available
2009-06-12,202952,
2009-06-13,.,No value available
2009-06-14,.,No value available
2009-06-15,.,No value available
2009-06-16,.,No value available
2009-06-17,.,No value available
2009-06-18,.,No value available
2009-06-19,202952,
2009-06-20,.,No value available
2009-06-21,.,No value available
2009-06-22,.,No value available
2009-06-23,.,No value available
2009-06-24,.,No value available
2009-06-25,.,No value available
2009-06-26,202952,
2009-06-27,.,No value available
2009-06-28,.,No value available
2009-06-29,.,No value available
2009-06-30,.,No value available
2009-07-01,.,No value available
2009-07-02,.,No value available
2009-07-03,187797,
2009-07-04,.,No value available
2009-07-05,.,No value available
2009-07-06,.,No value available
2009-07-07,.,No value available
2009-07-08,.,No value available
2009-07-09,.,No value available
2009-07-10,187797,
2009-07-11,.,No value available
2009-07-12,.,No value available
2009-07-13,.,No value available
2009-07-14,.,No value available
2009-07-15,.,No value available
2009-07-16,.,No value available
2009-07-17,187797,
2009-07-18,.,No value available
2009-07-19,.,No value available
2009-07-20,.,No value available
2009-07-21,.,No value available
2009-07-22,.,No value available
2009-07-23,.,No value available
2009-07-24,187797,
2009-07-25,.,No value available
2009-07-26,.,No value available
2009-07-27,.,No value available
2009-07-28,.,No value available
2009-07-29,.,No value available
2009-07-30,.,No value available
2009-07-31,187797,
2009-08-01,.,No value available
2009-08-02,.,No value available
2009-08-03,.,No value available
2009-08-04,.,No value available
2009-08-05,.,No value available
2009-08-06,.,No value available
2009-08-07,187797,
2009-08-08,.,No value available
2009-08-09,.,No value available
2009-08-10,.,No value available
2009-08-11,.,No value available
2009-08-12,.,No value available
2009-08-13,.,No value available
2009-08-14,187797,
2009-08-15,.,No value available
2009-08-16,.,No value available
2009-08-17,.,No value available
2009-08-18,.,No value available
2009-08-19,.,No value available
2009-08-20,.,No value available
2009-08-21,187797,
2009-08-22,.,No value available
2009-08-23,.,No value available
2009-08-24,.,No value available
2009-08-25,.,No value available
2009-08-26,.,No value available
2009-08-27,.,No value available
2009-08-28,187797,
2009-08-29,.,No value available
2009-08-30,.,No value available
2009-08-31,.,No value available
2009-09-01,.,No value available
2009-09-02,.,No value available
2009-09-03,.,No value available
2009-09-04,187797,
2009-09-05,.,No value available
2009-09-06,.,No value available
2009-09-07,.,No value available
2009-09-08,.,No value available
2009-09-09,.,No value available
2009-09-10,.,No value available
2009-09-11,187797,
2009-09-12,.,No value available
2009-09-13,.,No value available
2009-09-14,.,No value available
2009-09-15,.,No value available
2009-09-16,.,No value available
2009-09-17,.,No value available
2009-09-18,187797,
2009-09-19,.,No value available
2009-09-20,.,No value available
2009-09-21,.,No value available
2009-09-22,.,No value available
2009-09-23,.,No value available
2009-09-24,.,No value available
2009-09-25,187797,
2009-09-26,.,No value available
2009-09-27,.,No value available
2009-09-28,.,No value available
2009-09-29,.,No value available
2009-09-30,.,No value available
2009-10-01,.,No value available
2009-10-02,192254,
2009-10-03,.,No value available
2009-10-04,.,No value available
2009-10-05,.,No value available
2009-10-06,.,No value available
2009-10-07,.,No value available
2009-10-08,.,No value available
2009-10-09,192254,
2009-10-10,.,No value available
2009-10-11,.,No value available
2009-10-12,.,No value available
2009-10-13,.,No value available
2009-10-14,.,No value available
2009-10-15,.,No value available
2009-10-16,192254,
2009-10-17,.,No value available
2009-10-18,.,No value available
2009-10-19,.,No value available
2009-10-20,.,No value available
2009-10-21,.,No value available
2009-10-22,.,No value available
2009-10-23,192254,
2009-10-24,.,No value available
2009-10-25,.,No value available
2009-10-26,.,No value available
2009-10-27,.,No value available
2009-10-28,.,No value available
2009-10-29,.,No value available
2009-10-30,192254,
2009-10-31,.,No value available
2009-11-01,.,No value available
2009-11-02,.,No value available
2009-11-03,.,No value available
2009-11-04,.,No value available
2009-11-05,.,No value available
2009-11-06,192254,
2009-11-07,.,No value available
2009-11-08,.,No value available
2009-11-09,.,No value available
2009-11-10,.,No value available
2009-11-11,.,No value available
2009-11-12,.,No value available
2009-11-13,192254,
2009-11-14,.,No value available
2009-11-15,.,No value available
2009-11-16,.,No value available
2009-11-17,.,No value available
2009-11-18,.,No value available
2009-11-19,.,No value available
2009-11-20,192254,
2009-11-21,.,No value available
2009-11-22,.,No value available
2009-11-23,.,No value available
2009-11-24,.,No value available
2009-11-25,.,No value available
2009-11-26,.,No value available
2009-11-27,192254,
2009-11-28,.,No value available
2009-11-29,.,No value available
2009-11-30,.,No value available
2009-12-01,.,No value available
2009-12-02,.,No value available
2009-12-03,.,No value available
2009-12-04,192254,
2009-12-05,.,No value available
2009-12-06,.,No value available
2009-12-07,.,No value available
2009-12-08,.,No value available
2009-12-09,.,No value available
2009-12-10,.,No value available
2009-12-11,192254,
2009-12-12,.,No value available
2009-12-13,.,No value available
2009-12-14,.,No value available
2009-12-15,.,No value available
2009-12-16,.,No value available
2009-12-17,.,No value available
2009-12-18,192254,
2009-12-19,.,No value available
2009-12-20,.,No value available
2009-12-21,.,No value available
2009-12-22,.,No value available
2009-12-23,.,No value available
2009-12-24,.,No value available
2009-12-25,192254,
2009-12-26,.,No value available
2009-12-27,.,No value available
2009-12-28,.,No value available
2009-12-29,.,No value available
2009-12-30,.,No value available
2009-12-31,.,No value available
2010-01-01,220212,
2010-01-02,.,No value available
2010-01-03,.,No value available
2010-01-04,.,No value available
2010-01-05,.,No value available
2010-01-06,.,No value available
2010-01-07,.,No value available
2010-01-08,220213,
2010-01-09,.,No value available
2010-01-10,.,No value available
2010-01-11,.,No value available
2010-01-12,.,No value available
2010-01-13,.,No value available
2010-01-14,.,No value available
2010-01-15,220213,
2010-01-16,.,No value available
2010-01-17,.,No value available
2010-01-18,.,No value available
2010-01-19,.,No value available
2010-01-20,.,No value available
2010-01-21,.,No value available
2010-01-22,220213,
2010-01-23,.,No value available
2010-01-24,.,No value available
2010-01-25,.,No value available
2010-01-26,.,No value available
2010-01-27,.,No value available
2010-01-28,.,No value available
2010-01-29,220213,
2010-01-30,.,No value available
2010-01-31,.,No value available
2010-02-01,.,No value available
2010-02-02,.,No value available
2010-02-03,.,No value available
2010-02-04,.,No value available
2010-02-05,220213,
2010-02-06,.,No value available
2010-02-07,.,No value available
2010-02-08,.,No value available
2010-02-09,.,No value available
2010-02-10,.,No value available
2010-02-11,.,No value available
2010-02-12,220213,
2010-02-13,.,No value available
2010-02-14,.,No value available
2010-02-15,.,No value available
2010-02-16,.,No value available
2010-02-17,.,No value available
2010-02-18,.,No value available
2010-02-19,220213,
2010-02-20,.,No value available
2010-02-21,.,No value available
2010-02-22,.,No value available
2010-02-23,.,No value available
2010-02-24,.,No value available
2010-02-25,.,No value available
2010-02-26,220213,
2010-02-27,.,No value available
2010-02-28,.,No value available
2010-03-01,.,No value available
2010-03-02,.,No value available
2010-03-03,.,No value available
2010-03-04,.,No value available
2010-03-05,220213,
2010-03-06,.,No value available
2010-03-07,.,No value available
2010-03-08,.,No value available
2010-03-09,.,No value available
2010-03-10,.,No value available
2010-03-11,.,No value available
2010-03-12,220213,
2010-03-13,.,No value available
2010-03-14,.,No value available
2010-03-15,.,No value available
2010-03-16,.,No value available
2010-03-17,.,No value available
2010-03-18,.,No value available
2010-03-19,220213,
2010-03-20,.,No value available
2010-03-21,.,No value available
2010-03-22,.,No value available
2010-03-23,.,No value available
2010-03-24,.,No value available
2010-03-25,.,No value available
2010-03-26,220213,
2010-03-27,.,No value available
2010-03-28,.,No value available
2010-03-29,.,No value available
2010-03-30,.,No value available
2010-03-31,.,No value available
2010-04-01,249205,
2010-04-02,.,No value available
2010-04-03,.,No value available
2010-04-04,.,No value available
2010-04-05,.,No value available
2010-04-06,.,No value available
2010-04-07,.,No value available
2010-04-08,.,No value available
2010-04-09,249205,
2010-04-10,.,No value available
2010-04-11,.,No value available
2010-04-12,.,No value available
2010-04-13,.,No value available
2010-04-14,.,No value available
2010-04-15,.,No value available
2010-04-16,249205,
2010-04-17,.,No value available
2010-04-18,.,No value available
2010-04-19,.,No value available
2010-04-20,.,No value available
2010-04-21,.,No value available
2010-04-22,.,No value available
2010-04-23,249205,
2010-04-24,.,No value available
2010-04-25,.,No value available
2010-04-26,.,No value available
2010-04-27,.,No value available
2010-04-28,.,No value available
2010-04-29,.,No value available
2010-04-30,249205,
2010-05-01,.,No value available
2010-05-02,.,No value available
2010-05-03,.,No value available
2010-05-04,.,No value available
2010-05-05,.,No value available
2010-05-06,.,No value available
2010-05-07,249205,
2010-05-08,.,No value available
2010-05-09,.,No value available
2010-05-10,.,No value available
2010-05-11,.,No value available
2010-05-12,.,No value available
2010-05-13,.,No value available
2010-05-14,249205,
2010-05-15,.,No value available
2010-05-16,.,No value available
2010-05-17,.,No value available
2010-05-18,.,No value available
2010-05-19,.,No value available
2010-05-20,.,No value available
2010-05-21,249205,
2010-05-22,.,No value available
2010-05-23,.,No value available
2010-05-24,.,No value available
2010-05-25,.,No value available
2010-05-26,.,No value available
2010-05-27,.,No value available
2010-05-28,249205,
2010-05-29,.,No value available
2010-05-30,.,No value available
2010-05-31,.,No value available
2010-06-01,.,No value available
2010-06-02,.,No value available
2010-06-03,.,No value available
2010-06-04,249205,
2010-06-05,.,No value available
2010-06-06,.,No value available
2010-06-07,.,No value available
2010-06-08,.,No value available
2010-06-09,.,No value available
2010-06-10,.,No value available
2010-06-11,249205,
2010-06-12,.,No value available
2010-06-13,.,No value available
2010-06-14,.,No value available
2010-06-15,.,No value available
2010-06-16,.,No value available
2010-06-17,.,No value available
2010-06-18,249205,
2010-06-19,.,No value available
2010-06-20,.,No value available
2010-06-21,.,No value available
2010-06-22,.,No value available
2010-06-23,.,No value available
2010-06-24,.,No value available
2010-06-25,249205,
2010-06-26,.,No value available
2010-06-27,.,No value available
2010-06-28,.,No value available
2010-06-29,.,No value available
2010-06-30,.,No value available
2010-07-01,.,No value available
2010-07-02,328818,
2010-07-03,.,No value available
2010-07-04,.,No value available
2010-07-05,.,No value available
2010-07-06,.,No value available
2010-07-07,.,No value available
2010-07-08,.,No value available
2010-07-09,328818,
2010-07-10,.,No value available
2010-07-11,.,No value available
2010-07-12,.,No value available
2010-07-13,.,No value available
2010-07-14,.,No value available
2010-07-15,.,No value available
2010-07-16,328818,
2010-07-17,.,No value available
2010-07-18,.,No value available
2010-07-19,.,No value available
2010-07-20,.,No value available
2010-07-21,.,No value available
2010-07-22,.,No value available
2010-07-23,328818,
2010-07-24,.,No value available
2010-07-25,.,No value available
2010-07-26,.,No value available
2010-07-27,.,No value available
2010-07-28,.,No value available
2010-07-29,.,No value available
2010-07-30,328818,
2010-07-31,.,No value available
2010-08-01,.,No value available
2010-08-02,.,No value available
2010-08-03,.,No value available
2010-08-04,.,No value available
2010-08-05,.,No value available
2010-08-06,328818,
2010-08-07,.,No value available
2010-08-08,.,No value available
2010-08-09,.,No value available
2010-08-10,.,No value available
2010-08-11,.,No value available
2010-08-12,.,No value available
2010-08-13,328818,
2010-08-14,.,No value available
2010-08-15,.,No value available
2010-08-16,.,No value available
2010-08-17,.,No value available
2010-08-18,.,No value available
2010-08-19,.,No value available
2010-08-20,328818,
2010-08-21,.,No value available
2010-08-22,.,No value available
2010-08-23,.,No value available
2010-08-24,.,No value available
2010-08-25,.,No value available
2010-08-26,.,No value available
2010-08-27,328818,
2010-08-28,.,No value available
2010-08-29,.,No value available
2010-08-30,.,No value available
2010-08-31,.,No value available
2010-09-01,.,No value available
2010-09-02,.,No value available
2010-09-03,328818,
2010-09-04,.,No value available
2010-09-05,.,No value available
2010-09-06,.,No value available
2010-09-07,.,No value available
2010-09-08,.,No value available
2010-09-09,.,No value available
2010-09-10,328818,
2010-09-11,.,No value available
2010-09-12,.,No value available
2010-09-13,.,No value available
2010-09-14,.,No value available
2010-09-15,.,No value available
2010-09-16,.,No value available
2010-09-17,328818,
2010-09-18,.,No value available
2010-09-19,.,No value available
2010-09-20,.,No value available
2010-09-21,.,No value available
2010-09-22,.,No value available
2010-09-23,.,No value available
2010-09-24,328818,
2010-09-25,.,No value available
2010-09-26,.,No value available
2010-09-27,.,No value available
2010-09-28,.,No value available
2010-09-29,.,No value available
2010-09-30,.,No value available
2010-10-01,296740,
2010-10-02,.,No value available
2010-10-03,.,No value available
2010-10-04,.,No value available
2010-10-05,.,No value available
2010-10-06,.,No value available
2010-10-07,.,No value available
2010-10-08,296740,
2010-10-09,.,No value available
2010-10-10,.,No value available
2010-10-11,.,No value available
2010-10-12,.,No value available
2010-10-13,.,No value available
2010-10-14,.,No value available
2010-10-15,296740,
2010-10-16,.,No value available
2010-10-17,.,No value available
2010-10-18,.,No value available
2010-10-19,.,No value available
2010-10-20,.,No value available
2010-10-21,.,No value available
2010-10-22,296740,
2010-10-23,.,No value available
2010-10-24,.,No value available
2010-10-25,.,No value available
2010-10-26,.,No value available
2010-10-27,.,No value available
2010-10-28,.,No value available
2010-10-29,296740,
2010-10-30,.,No value available
2010-10-31,.,No value available
2010-11-01,.,No value available
2010-11-02,.,No value available
2010-11-03,.,No value available
2010-11-04,.,No value available
2010-11-05,296740,
2010-11-06,.,No value available
2010-11-07,.,No value available
2010-11-08,.,No value available
2010-11-09,.,No value available
2010-11-10,.,No value available
2010-11-11,.,No value available
2010-11-12,296740,
2010-11-13,.,No value available
2010-11-14,.,No value available
2010-11-15,.,No value available
2010-11-16,.,No value available
2010-11-17,.,No value available
2010-11-18,.,No value available
2010-11-19,296740,
2010-11-20,.,No value available
2010-11-21,.,No value available
2010-11-22,.,No value available
2010-11-23,.,No value available
2010-11-24,.,No value available
2010-11-25,.,No value available
2010-11-26,296740,
2010-11-27,.,No value available
2010-11-28,.,No value available
2010-11-29,.,No value available
2010-11-30,.,No value available
2010-12-01,.,No value available
2010-12-02,.,No value available
2010-12-03,296740,
2010-12-04,.,No value available
2010-12-05,.,No value available
2010-12-06,.,No value available
2010-12-07,.,No value available
2010-12-08,.,No value available
2010-12-09,.,No value available
2010-12-10,296740,
2010-12-11,.,No value available
2010-12-12,.,No value available
2010-12-13,.,No value available
2010-12-14,.,No value available
2010-12-15,.,No value available
2010-12-16,.,No value available
2010-12-17,296740,
2010-12-18,.,No value available
2010-12-19,.,No value available
2010-12-20,.,No value available
2010-12-21,.,No value available
2010-12-22,.,No value available
2010-12-23,.,No value available
2010-12-24,296740,
2010-12-25,.,No value available
2010-12-26,.,No value available
2010-12-27,.,No value available
2010-12-28,.,No value available
2010-12-29,.,No value available
2010-12-30,.,No value available
2010-12-31,331524,
2011-01-01,.,No value available
2011-01-02,.,No value available
2011-01-03,.,No value available
2011-01-04,.,No value available
2011-01-05,.,No value available
2011-01-06,.,No value available
2011-01-07,331545,
2011-01-08,.,No value available
2011-01-09,.,No value available
2011-01-10,.,No value available
2011-01-11,.,No value available
2011-01-12,.,No value available
2011-01-13,.,No value available
2011-01-14,331545,
2011-01-15,.,No value available
2011-01-16,.,No value available
2011-01-17,.,No value available
2011-01-18,.,No value available
2011-01-19,.,No value available
2011-01-20,.,No value available
2011-01-21,331545,
2011-01-22,.,No value available
2011-01-23,.,No value available
2011-01-24,.,No value available
2011-01-25,.,No value available
2011-01-26,.,No value available
2011-01-27,.,No value available
2011-01-28,331545,
2011-01-29,.,No value available
2011-01-30,.,No value available
2011-01-31,.,No value available
2011-02-01,.,No value available
2011-02-02,.,No value available
2011-02-03,.,No value available
2011-02-04,331532,
2011-02-05,.,No value available
2011-02-06,.,No value available
2011-02-07,.,No value available
2011-02-08,.,No value available
2011-02-09,.,No value available
2011-02-10,.,No value available
2011-02-11,331533,
2011-02-12,.,No value available
2011-02-13,.,No value available
2011-02-14,.,No value available
2011-02-15,.,No value available
2011-02-16,.,No value available
2011-02-17,.,No value available
2011-02-18,331533,
2011-02-19,.,No value available
2011-02-20,.,No value available
2011-02-21,.,No value available
2011-02-22,.,No value available
2011-02-23,.,No value available
2011-02-24,.,No value available
2011-02-25,331533,
2011-02-26,.,No value available
2011-02-27,.,No value available
2011-02-28,.,No value available
2011-03-01,.,No value available
2011-03-02,.,No value available
2011-03-03,.,No value available
2011-03-04,331533,
2011-03-05,.,No value available
2011-03-06,.,No value available
2011-03-07,.,No value available
2011-03-08,.,No value available
2011-03-09,.,No value available
2011-03-10,.,No value available
2011-03-11,331533,
2011-03-12,.,No value available
2011-03-13,.,No value available
2011-03-14,.,No value available
2011-03-15,.,No value available
2011-03-16,.,No value available
2011-03-17,.,No value available
2011-03-18,331533,
2011-03-19,.,No value available
2011-03-20,.,No value available
2011-03-21,.,No value available
2011-03-22,.,No value available
2011-03-23,.,No value available
2011-03-24,.,No value available
2011-03-25,331533,
2011-03-26,.,No value available
2011-03-27,.,No value available
2011-03-28,.,No value available
2011-03-29,.,No value available
2011-03-30,.,No value available
2011-03-31,.,No value available
2011-04-01,305890,
2011-04-02,.,No value available
2011-04-03,.,No value available
2011-04-04,.,No value available
2011-04-05,.,No value available
2011-04-06,.,No value available
2011-04-07,.,No value available
2011-04-08,305890,
2011-04-09,.,No value available
2011-04-10,.,No value available
2011-04-11,.,No value available
2011-04-12,.,No value available
2011-04-13,.,No value available
2011-04-14,.,No value available
2011-04-15,305890,
2011-04-16,.,No value available
2011-04-17,.,No value available
2011-04-18,.,No value available
2011-04-19,.,No value available
2011-04-20,.,No value available
2011-04-21,.,No value available
2011-04-22,305890,
2011-04-23,.,No value available
2011-04-24,.,No value available
2011-04-25,.,No value available
2011-04-26,.,No value available
2011-04-27,.,No value available
2011-04-28,.,No value available
2011-04-29,305890,
2011-04-30,.,No value available
2011-05-01,.,No value available
2011-05-02,.,No value available
2011-05-03,.,No value available
2011-05-04,.,No value available
2011-05-05,.,No value available
2011-05-06,305890,
2011-05-07,.,No value available
2011-05-08,.,No value available
2011-05-09,.,No value available
2011-05-10,.,No value available
2011-05-11,.,No value available
2011-05-12,.,No value available
2011-05-13,305890,
2011-05-14,.,No value available
2011-05-15,.,No value available
2011-05-16,.,No value available
2011-05-17,.,No value available
2011-05-18,.,No value available
2011-05-19,.,No value available
2011-05-20,305890,
2011-05-21,.,No value available
2011-05-22,.,No value available
2011-05-23,.,No value available
2011-05-24,.,No value available
2011-05-25,.,No value available
2011-05-26,.,No value available
2011-05-27,305890,
2011-05-28,.,No value available
2011-05-29,.,No value available
2011-05-30,.,No value available
2011-05-31,.,No value available
2011-06-01,.,No value available
2011-06-02,.,No value available
2011-06-03,305890,
2011-06-04,.,No value available
2011-06-05,.,No value available
2011-06-06,.,No value available
2011-06-07,.,No value available
2011-06-08,.,No value available
2011-06-09,.,No value available
2011-06-10,305890,
2011-06-11,.,No value available
2011-06-12,.,No value available
2011-06-13,.,No value available
2011-06-14,.,No value available
2011-06-15,.,No value available
2011-06-16,.,No value available
2011-06-17,305890,
2011-06-18,.,No value available
2011-06-19,.,No value available
2011-06-20,.,No value available
2011-06-21,.,No value available
2011-06-22,.,No value available
2011-06-23,.,No value available
2011-06-24,305890,
2011-06-25,.,No value available
2011-06-26,.,No value available
2011-06-27,.,No value available
2011-06-28,.,No value available
2011-06-29,.,No value available
2011-06-30,.,No value available
2011-07-01,316656,
2011-07-02,.,No value available
2011-07-03,.,No value available
2011-07-04,.,No value available
2011-07-05,.,No value available
2011-07-06,.,No value available
2011-07-07,.,No value available
2011-07-08,316657,
2011-07-09,.,No value available
2011-07-10,.,No value available
2011-07-11,.,No value available
2011-07-12,.,No value available
2011-07-13,.,No value available
2011-07-14,.,No value available
2011-07-15,316657,
2011-07-16,.,No value available
2011-07-17,.,No value available
2011-07-18,.,No value available
2011-07-19,.,No value available
2011-07-20,.,No value available
2011-07-21,.,No value available
2011-07-22,316657,
2011-07-23,.,No value available
2011-07-24,.,No value available
2011-07-25,.,No value available
2011-07-26,.,No value available
2011-07-27,.,No value available
2011-07-28,.,No value available
2011-07-29,316657,
2011-07-30,.,No value available
2011-07-31,.,No value available
2011-08-01,.,No value available
2011-08-02,.,No value available
2011-08-03,.,No value available
2011-08-04,.,No value available
2011-08-05,316657,
2011-08-06,.,No value available
2011-08-07,.,No value available
2011-08-08,.,No value available
2011-08-09,.,No value available
2011-08-10,.,No value available
2011-08-11,.,No value available
2011-08-12,316657,
2011-08-13,.,No value available
2011-08-14,.,No value available
2011-08-15,.,No value available
2011-08-16,.,No value available
2011-08-17,.,No value available
2011-08-18,.,No value available
2011-08-19,316657,
2011-08-20,.,No value available
2011-08-21,.,No value available
2011-08-22,.,No value available
2011-08-23,.,No value available
2011-08-24,.,No value available
2011-08-25,.,No value available
2011-08-26,316657,
2011-08-27,.,No value available
2011-08-28,.,No value available
2011-08-29,.,No value available
2011-08-30,.,No value available
2011-08-31,.,No value available
2011-09-01,.,No value available
2011-09-02,316657,
2011-09-03,.,No value available
2011-09-04,.,No value available
2011-09-05,.,No value available
2011-09-06,.,No value available
2011-09-07,.,No value available
2011-09-08,.,No value available
2011-09-09,316657,
2011-09-10,.,No value available
2011-09-11,.,No value available
2011-09-12,.,No value available
2011-09-13,.,No value available
2011-09-14,.,No value available
2011-09-15,.,No value available
2011-09-16,316657,
2011-09-17,.,No value available
2011-09-18,.,No value available
2011-09-19,.,No value available
2011-09-20,.,No value available
2011-09-21,.,No value available
2011-09-22,.,No value available
2011-09-23,316657,
2011-09-24,.,No value available
2011-09-25,.,No value available
2011-09-26,.,No value available
2011-09-27,.,No value available
2011-09-28,.,No value available
2011-09-29,.,No value available
2011-09-30,383276,
2011-10-01,.,No value available
2011-10-02,.,No value available
2011-10-03,.,No value available
2011-10-04,.,No value available
2011-10-05,.,No value available
2011-10-06,.,No value available
2011-10-07,383276,
2011-10-08,.,No value available
2011-10-09,.,No value available
2011-10-10,.,No value available
2011-10-11,.,No value available
2011-10-12,.,No value available
2011-10-13,.,No value available
2011-10-14,383276,
2011-10-15,.,No value available
2011-10-16,.,No value available
2011-10-17,.,No value available
2011-10-18,.,No value available
2011-10-19,.,No value available
2011-10-20,.,No value available
2011-10-21,383276,
2011-10-22,.,No value available
2011-10-23,.,No value available
2011-10-24,.,No value available
2011-10-25,.,No value available
2011-10-26,.,No value available
2011-10-27,.,No value available
2011-10-28,383276,
2011-10-29,.,No value available
2011-10-30,.,No value available
2011-10-31,.,No value available
2011-11-01,.,No value available
2011-11-02,.,No value available
2011-11-03,.,No value available
2011-11-04,383276,
2011-11-05,.,No value available
2011-11-06,.,No value available
2011-11-07,.,No value available
2011-11-08,.,No value available
2011-11-09,.,No value available
2011-11-10,.,No value available
2011-11-11,383276,
2011-11-12,.,No value available
2011-11-13,.,No value available
2011-11-14,.,No value available
2011-11-15,.,No value available
2011-11-16,.,No value available
2011-11-17,.,No value available
2011-11-18,383276,
2011-11-19,.,No value available
2011-11-20,.,No value available
2011-11-21,.,No value available
2011-11-22,.,No value available
2011-11-23,.,No value available
2011-11-24,.,No value available
2011-11-25,383276,
2011-11-26,.,No value available
2011-11-27,.,No value available
2011-11-28,.,No value available
2011-11-29,.,No value available
2011-11-30,.,No value available
2011-12-01,.,No value available
2011-12-02,383276,
2011-12-03,.,No value available
2011-12-04,.,No value available
2011-12-05,.,No value available
2011-12-06,.,No value available
2011-12-07,.,No value available
2011-12-08,.,No value available
2011-12-09,383276,
2011-12-10,.,No value available
2011-12-11,.,No value available
2011-12-12,.,No value available
2011-12-13,.,No value available
2011-12-14,.,No value available
2011-12-15,.,No value available
2011-12-16,383276,
2011-12-17,.,No value available
2011-12-18,.,No value available
2011-12-19,.,No value available
2011-12-20,.,No value available
2011-12-21,.,No value available
2011-12-22,.,No value available
2011-12-23,383276,
2011-12-24,.,No value available
2011-12-25,.,No value available
2011-12-26,.,No value available
2011-12-27,.,No value available
2011-12-28,.,No value available
2011-12-29,.,No value available
2011-12-30,394031,
2011-12-31,.,No value available
2012-01-01,.,No value available
2012-01-02,.,No value available
2012-01-03,.,No value available
2012-01-04,.,No value available
2012-01-05,.,No value available
2012-01-06,394031,
2012-01-07,.,No value available
2012-01-08,.,No value available
2012-01-09,.,No value available
2012-01-10,.,No value available
2012-01-11,.,No value available
2012-01-12,.,No value available
2012-01-13,394031,
2012-01-14,.,No value available
2012-01-15,.,No value available
2012-01-16,.,No value available
2012-01-17,.,No value available
2012-01-18,.,No value available
2012-01-19,.,No value available
2012-01-20,394028,
2012-01-21,.,No value available
2012-01-22,.,No value available
2012-01-23,.,No value available
2012-01-24,.,No value available
2012-01-25,.,No value available
2012-01-26,.,No value available
2012-01-27,394028,
2012-01-28,.,No value available
2012-01-29,.,No value available
2012-01-30,.,No value available
2012-01-31,.,No value available
2012-02-01,.,No value available
2012-02-02,.,No value available
2012-02-03,394028,
2012-02-04,.,No value available
2012-02-05,.,No value available
2012-02-06,.,No value available
2012-02-07,.,No value available
2012-02-08,.,No value available
2012-02-09,.,No value available
2012-02-10,394028,
2012-02-11,.,No value available
2012-02-12,.,No value available
2012-02-13,.,No value available
2012-02-14,.,No value available
2012-02-15,.,No value available
2012-02-16,.,No value available
2012-02-17,394029,
2012-02-18,.,No value available
2012-02-19,.,No value available
2012-02-20,.,No value available
2012-02-21,.,No value available
2012-02-22,.,No value available
2012-02-23,.,No value available
2012-02-24,394029,
2012-02-25,.,No value available
2012-02-26,.,No value available
2012-02-27,.,No value available
2012-02-28,.,No value available
2012-02-29,.,No value available
2012-03-01,.,No value available
2012-03-02,394029,
2012-03-03,.,No value available
2012-03-04,.,No value available
2012-03-05,.,No value available
2012-03-06,.,No value available
2012-03-07,.,No value available
2012-03-08,.,No value available
2012-03-09,394029,
2012-03-10,.,No value available
2012-03-11,.,No value available
2012-03-12,.,No value available
2012-03-13,.,No value available
2012-03-14,.,No value available
2012-03-15,.,No value available
2012-03-16,394029,
2012-03-17,.,No value available
2012-03-18,.,No value available
2012-03-19,.,No value available
2012-03-20,.,No value available
2012-03-21,.,No value available
2012-03-22,.,No value available
2012-03-23,394029,
2012-03-24,.,No value available
2012-03-25,.,No value available
2012-03-26,.,No value available
2012-03-27,.,No value available
2012-03-28,.,No value available
2012-03-29,.,No value available
2012-03-30,399445,
2012-03-31,.,No value available
2012-04-01,.,No value available
2012-04-02,.,No value available
2012-04-03,.,No value available
2012-04-04,.,No value available
2012-04-05,.,No value available
2012-04-06,399445,
2012-04-07,.,No value available
2012-04-08,.,No value available
2012-04-09,.,No value available
2012-04-10,.,No value available
2012-04-11,.,No value available
2012-04-12,.,No value available
2012-04-13,399445,
2012-04-14,.,No value available
2012-04-15,.,No value available
2012-04-16,.,No value available
2012-04-17,.,No value available
2012-04-18,.,No value available
2012-04-19,.,No value available
2012-04-20,399445,
2012-04-21,.,No value available
2012-04-22,.,No value available
2012-04-23,.,No value available
2012-04-24,.,No value available
2012-04-25,.,No value available
2012-04-26,.,No value available
2012-04-27,399445,
2012-04-28,.,No value available
2012-04-29,.,No value available
2012-04-30,.,No value available
2012-05-01,.,No value available
2012-05-02,.,No value available
2012-05-03,.,No value available
2012-05-04,399445,
2012-05-05,.,No value available
2012-05-06,.,No value available
2012-05-07,.,No value available
2012-05-08,.,No value available
2012-05-09,.,No value available
2012-05-10,.,No value available
2012-05-11,399445,
2012-05-12,.,No value available
2012-05-13,.,No value available
2012-05-14,.,No value available
2012-05-15,.,No value available
2012-05-16,.,No value available
2012-05-17,.,No value available
2012-05-18,399445,
2012-05-19,.,No value available
2012-05-20,.,No value available
2012-05-21,.,No value available
2012-05-22,.,No value available
2012-05-23,.,No value available
2012-05-24,.,No value available
2012-05-25,399445,
2012-05-26,.,No value available
2012-05-27,.,No value available
2012-05-28,.,No value available
2012-05-29,.,No value available
2012-05-30,.,No value available
2012-05-31,.,No value available
2012-06-01,399445,
2012-06-02,.,No value available
2012-06-03,.,No value available
2012-06-04,.,No value available
2012-06-05,.,No value available
2012-06-06,.,No value available
2012-06-07,.,No value available
2012-06-08,399445,
2012-06-09,.,No value available
2012-06-10,.,No value available
2012-06-11,.,No value available
2012-06-12,.,No value available
2012-06-13,.,No value available
2012-06-14,.,No value available
2012-06-15,399445,
2012-06-16,.,No value available
2012-06-17,.,No value available
2012-06-18,.,No value available
2012-06-19,.,No value available
2012-06-20,.,No value available
2012-06-21,.,No value available
2012-06-22,399445,
2012-06-23,.,No value available
2012-06-24,.,No value available
2012-06-25,.,No value available
2012-06-26,.,No value available
2012-06-27,.,No value available
2012-06-28,.,No value available
2012-06-29,409840,
2012-06-30,.,No value available
2012-07-01,.,No value available
2012-07-02,.,No value available
2012-07-03,.,No value available
2012-07-04,.,No value available
2012-07-05,.,No value available
2012-07-06,409840,
2012-07-07,.,No value available
2012-07-08,.,No value available
2012-07-09,.,No value available
2012-07-10,.,No value available
2012-07-11,.,No value available
2012-07-12,.,No value available
2012-07-13,409840,
2012-07-14,.,No value available
2012-07-15,.,No value available
2012-07-16,.,No value available
2012-07-17,.,No value available
2012-07-18,.,No value available
2012-07-19,.,No value available
2012-07-20,409840,
2012-07-21,.,No value available
2012-07-22,.,No value available
2012-07-23,.,No value available
2012-07-24,.,No value available
2012-07-25,.,No value available
2012-07-26,.,No value available
2012-07-27,409840,
2012-07-28,.,No value available
2012-07-29,.,No value available
2012-07-30,.,No value available
2012-07-31,.,No value available
2012-08-01,.,No value available
2012-08-02,.,No value available
2012-08-03,409840,
2012-08-04,.,No value available
2012-08-05,.,No value available
2012-08-06,.,No value available
2012-08-07,.,No value available
2012-08-08,.,No value available
2012-08-09,.,No value available
2012-08-10,409840,
2012-08-11,.,No value available
2012-08-12,.,No value available
2012-08-13,.,No value available
2012-08-14,.,No value available
2012-08-15,.,No value available
2012-08-16,.,No value available
2012-08-17,409840,
2012-08-18,.,No value available
2012-08-19,.,No value available
2012-08-20,.,No value available
2012-08-21,.,No value available
2012-08-22,.,No value available
2012-08-23,.,No value available
2012-08-24,409840,
2012-08-25,.,No value available
2012-08-26,.,No value available
2012-08-27,.,No value available
2012-08-28,.,No value available
2012-08-29,.,No value available
2012-08-30,.,No value available
2012-08-31,409840,
2012-09-01,.,No value available
2012-09-02,.,No value available
2012-09-03,.,No value available
2012-09-04,.,No value available
2012-09-05,.,No value available
2012-09-06,.,No value available
2012-09-07,409840,
2012-09-08,.,No value available
2012-09-09,.,No value available
2012-09-10,.,No value available
2012-09-11,.,No value available
2012-09-12,.,No value available
2012-09-13,.,No value available
2012-09-14,409840,
2012-09-15,.,No value available
2012-09-16,.,No value available
2012-09-17,.,No value available
2012-09-18,.,No value available
2012-09-19,.,No value available
2012-09-20,.,No value available
2012-09-21,409840,
2012-09-22,.,No value available
2012-09-23,.,No value available
2012-09-24,.,No value available
2012-09-25,.,No value available
2012-09-26,.,No value available
2012-09-27,.,No value available
2012-09-28,452824,
2012-09-29,.,No value available
2012-09-30,.,No value available
2012-10-01,.,No value available
2012-10-02,.,No value available
2012-10-03,.,No value available
2012-10-04,.,No value available
2012-10-05,452824,
2012-10-06,.,No value available
2012-10-07,.,No value available
2012-10-08,.,No value available
2012-10-09,.,No value available
2012-10-10,.,No value available
2012-10-11,.,No value available
2012-10-12,452824,
2012-10-13,.,No value available
2012-10-14,.,No value available
2012-10-15,.,No value available
2012-10-16,.,No value available
2012-10-17,.,No value available
2012-10-18,.,No value available
2012-10-19,452824,
2012-10-20,.,No value available
2012-10-21,.,No value available
2012-10-22,.,No value available
2012-10-23,.,No value available
2012-10-24,.,No value available
2012-10-25,.,No value available
2012-10-26,452824,
2012-10-27,.,No value available
2012-10-28,.,No value available
2012-10-29,.,No value available
2012-10-30,.,No value available
2012-10-31,.,No value available
2012-11-01,.,No value available
2012-11-02,452824,
2012-11-03,.,No value available
2012-11-04,.,No value available
2012-11-05,.,No value available
2012-11-06,.,No value available
2012-11-07,.,No value available
2012-11-08,.,No value available
2012-11-09,452824,
2012-11-10,.,No value available
2012-11-11,.,No value available
2012-11-12,.,No value available
2012-11-13,.,No value available
2012-11-14,.,No value available
2012-11-15,.,No value available
2012-11-16,452824,
2012-11-17,.,No value available
2012-11-18,.,No value available
2012-11-19,.,No value available
2012-11-20,.,No value available
2012-11-21,.,No value available
2012-11-22,.,No value available
2012-11-23,452824,
2012-11-24,.,No value available
2012-11-25,.,No value available
2012-11-26,.,No value available
2012-11-27,.,No value available
2012-11-28,.,No value available
2012-11-29,.,No value available
2012-11-30,452824,
2012-12-01,.,No value available
2012-12-02,.,No value available
2012-12-03,.,No value available
2012-12-04,.,No value available
2012-12-05,.,No value available
2012-12-06,.,No value available
2012-12-07,452824,
2012-12-08,.,No value available
2012-12-09,.,No value available
2012-12-10,.,No value available
2012-12-11,.,No value available
2012-12-12,.,No value available
2012-12-13,.,No value available
2012-12-14,452824,
2012-12-15,.,No value available
2012-12-16,.,No value available
2012-12-17,.,No value available
2012-12-18,.,No value available
2012-12-19,.,No value available
2012-12-20,.,No value available
2012-12-21,452824,
2012-12-22,.,No value available
2012-12-23,.,No value available
2012-12-24,.,No value available
2012-12-25,.,No value available
2012-12-26,.,No value available
2012-12-27,.,No value available
2012-12-28,452824,
2012-12-29,.,No value available
2012-12-30,.,No value available
2012-12-31,.,No value available
2013-01-01,.,No value available
2013-01-02,.,No value available
2013-01-03,.,No value available
2013-01-04,407375,
2013-01-05,.,No value available
2013-01-06,.,No value available
2013-01-07,.,No value available
2013-01-08,.,No value available
2013-01-09,.,No value available
2013-01-10,.,No value available
2013-01-11,407377,
2013-01-12,.,No value available
2013-01-13,.,No value available
2013-01-14,.,No value available
2013-01-15,.,No value available
2013-01-16,.,No value available
2013-01-17,.,No value available
2013-01-18,407377,
2013-01-19,.,No value available
2013-01-20,.,No value available
2013-01-21,.,No value available
2013-01-22,.,No value available
2013-01-23,.,No value available
2013-01-24,.,No value available
2013-01-25,407378,
2013-01-26,.,No value available
2013-01-27,.,No value available
2013-01-28,.,No value available
2013-01-29,.,No value available
2013-01-30,.,No value available
2013-01-31,.,No value available
2013-02-01,407378,
2013-02-02,.,No value available
2013-02-03,.,No value available
2013-02-04,.,No value available
2013-02-05,.,No value available
2013-02-06,.,No value available
2013-02-07,.,No value available
2013-02-08,407378,
2013-02-09,.,No value available
2013-02-10,.,No value available
2013-02-11,.,No value available
2013-02-12,.,No value available
2013-02-13,.,No value available
2013-02-14,.,No value available
2013-02-15,407378,
2013-02-16,.,No value available
2013-02-17,.,No value available
2013-02-18,.,No value available
2013-02-19,.,No value available
2013-02-20,.,No value available
2013-02-21,.,No value available
2013-02-22,407378,
2013-02-23,.,No value available
2013-02-24,.,No value available
2013-02-25,.,No value available
2013-02-26,.,No value available
2013-02-27,.,No value available
2013-02-28,.,No value available
2013-03-01,407378,
2013-03-02,.,No value available
2013-03-03,.,No value available
2013-03-04,.,No value available
2013-03-05,.,No value available
2013-03-06,.,No value available
2013-03-07,.,No value available
2013-03-08,407378,
2013-03-09,.,No value available
2013-03-10,.,No value available
2013-03-11,.,No value available
2013-03-12,.,No value available
2013-03-13,.,No value available
2013-03-14,.,No value available
2013-03-15,407378,
2013-03-16,.,No value available
2013-03-17,.,No value available
2013-03-18,.,No value available
2013-03-19,.,No value available
2013-03-20,.,No value available
2013-03-21,.,No value available
2013-03-22,407378,
2013-03-23,.,No value available
2013-03-24,.,No value available
2013-03-25,.,No value available
2013-03-26,.,No value available
2013-03-27,.,No value available
2013-03-28,.,No value available
2013-03-29,406639,
2013-03-30,.,No value available
2013-03-31,.,No value available
2013-04-01,.,No value available
2013-04-02,.,No value available
2013-04-03,.,No value available
2013-04-04,.,No value available
2013-04-05,406639,
2013-04-06,.,No value available
2013-04-07,.,No value available
2013-04-08,.,No value available
2013-04-09,.,No value available
2013-04-10,.,No value available
2013-04-11,.,No value available
2013-04-12,406635,
2013-04-13,.,No value available
2013-04-14,.,No value available
2013-04-15,.,No value available
2013-04-16,.,No value available
2013-04-17,.,No value available
2013-04-18,.,No value available
2013-04-19,406635,
2013-04-20,.,No value available
2013-04-21,.,No value available
2013-04-22,.,No value available
2013-04-23,.,No value available
2013-04-24,.,No value available
2013-04-25,.,No value available
2013-04-26,406635,
2013-04-27,.,No value available
2013-04-28,.,No value available
2013-04-29,.,No value available
2013-04-30,.,No value available
2013-05-01,.,No value available
2013-05-02,.,No value available
2013-05-03,406635,
2013-05-04,.,No value available
2013-05-05,.,No value available
2013-05-06,.,No value available
2013-05-07,.,No value available
2013-05-08,.,No value available
2013-05-09,.,No value available
2013-05-10,406635,
2013-05-11,.,No value available
2013-05-12,.,No value available
2013-05-13,.,No value available
2013-05-14,.,No value available
2013-05-15,.,No value available
2013-05-16,.,No value available
2013-05-17,406635,
2013-05-18,.,No value available
2013-05-19,.,No value available
2013-05-20,.,No value available
2013-05-21,.,No value available
2013-05-22,.,No value available
2013-05-23,.,No value available
2013-05-24,406635,
2013-05-25,.,No value available
2013-05-26,.,No value available
2013-05-27,.,No value available
2013-05-28,.,No value available
2013-05-29,.,No value available
2013-05-30,.,No value available
2013-05-31,406635,
2013-06-01,.,No value available
2013-06-02,.,No value available
2013-06-03,.,No value available
2013-06-04,.,No value available
2013-06-05,.,No value available
2013-06-06,.,No value available
2013-06-07,406635,
2013-06-08,.,No value available
2013-06-09,.,No value available
2013-06-10,.,No value available
2013-06-11,.,No value available
2013-06-12,.,No value available
2013-06-13,.,No value available
2013-06-14,406635,
2013-06-15,.,No value available
2013-06-16,.,No value available
2013-06-17,.,No value available
2013-06-18,.,No value available
2013-06-19,.,No value available
2013-06-20,.,No value available
2013-06-21,406635,
2013-06-22,.,No value available
2013-06-23,.,No value available
2013-06-24,.,No value available
2013-06-25,.,No value available
2013-06-26,.,No value available
2013-06-27,.,No value available
2013-06-28,284680,
2013-06-29,.,No value available
2013-06-30,.,No value available
2013-07-01,.,No value available
2013-07-02,.,No value available
2013-07-03,.,No value available
2013-07-04,.,No value available
2013-07-05,284680,
2013-07-06,.,No value available
2013-07-07,.,No value available
2013-07-08,.,No value available
2013-07-09,.,No value available
2013-07-10,.,No value available
2013-07-11,.,No value available
2013-07-12,284680,
2013-07-13,.,No value available
2013-07-14,.,No value available
2013-07-15,.,No value available
2013-07-16,.,No value available
2013-07-17,.,No value available
2013-07-18,.,No value available
2013-07-19,284680,
2013-07-20,.,No value available
2013-07-21,.,No value available
2013-07-22,.,No value available
2013-07-23,.,No value available
2013-07-24,.,No value available
2013-07-25,.,No value available
2013-07-26,284680,
2013-07-27,.,No value available
2013-07-28,.,No value available
2013-07-29,.,No value available
2013-07-30,.,No value available
2013-07-31,.,No value available
2013-08-01,.,No value available
2013-08-02,284680,
2013-08-03,.,No value available
2013-08-04,.,No value available
2013-08-05,.,No value available
2013-08-06,.,No value available
2013-08-07,.,No value available
2013-08-08,.,No value available
2013-08-09,284680,
2013-08-10,.,No value available
2013-08-11,.,No value available
2013-08-12,.,No value available
2013-08-13,.,No value available
2013-08-14,.,No value available
2013-08-15,.,No value available
2013-08-16,284680,
2013-08-17,.,No value available
2013-08-18,.,No value available
2013-08-19,.,No value available
2013-08-20,.,No value available
2013-08-21,.,No value available
2013-08-22,.,No value available
2013-08-23,284680,
2013-08-24,.,No value available
2013-08-25,.,No value available
2013-08-26,.,No value available
2013-08-27,.,No value available
2013-08-28,.,No value available
2013-08-29,.,No value available
2013-08-30,284680,
2013-08-31,.,No value available
2013-09-01,.,No value available
2013-09-02,.,No value available
2013-09-03,.,No value available
2013-09-04,.,No value available
2013-09-05,.,No value available
2013-09-06,284680,
2013-09-07,.,No value available
2013-09-08,.,No value available
2013-09-09,.,No value available
2013-09-10,.,No value available
2013-09-11,.,No value available
2013-09-12,.,No value available
2013-09-13,284680,
2013-09-14,.,No value available
2013-09-15,.,No value available
2013-09-16,.,No value available
2013-09-17,.,No value available
2013-09-18,.,No value available
2013-09-19,.,No value available
2013-09-20,284680,
2013-09-21,.,No value available
2013-09-22,.,No value available
2013-09-23,.,No value available
2013-09-24,.,No value available
2013-09-25,.,No value available
2013-09-26,.,No value available
2013-09-27,284680,
2013-09-28,.,No value available
2013-09-29,.,No value available
2013-09-30,.,No value available
2013-10-01,.,No value available
2013-10-02,.,No value available
2013-10-03,.,No value available
2013-10-04,304534,
2013-10-05,.,No value available
2013-10-06,.,No value available
2013-10-07,.,No value available
2013-10-08,.,No value available
2013-10-09,.,No value available
2013-10-10,.,No value available
2013-10-11,304534,
2013-10-12,.,No value available
2013-10-13,.,No value available
2013-10-14,.,No value available
2013-10-15,.,No value available
2013-10-16,.,No value available
2013-10-17,.,No value available
2013-10-18,304534,
2013-10-19,.,No value available
2013-10-20,.,No value available
2013-10-21,.,No value available
2013-10-22,.,No value available
2013-10-23,.,No value available
2013-10-24,.,No value available
2013-10-25,304534,
2013-10-26,.,No value available
2013-10-27,.,No value available
2013-10-28,.,No value available
2013-10-29,.,No value available
2013-10-30,.,No value available
2013-10-31,.,No value available
2013-11-01,304534,
2013-11-02,.,No value available
2013-11-03,.,No value available
2013-11-04,.,No value available
2013-11-05,.,No value available
2013-11-06,.,No value available
2013-11-07,.,No value available
2013-11-08,304534,
2013-11-09,.,No value available
2013-11-10,.,No value available
2013-11-11,.,No value available
2013-11-12,.,No value available
2013-11-13,.,No value available
2013-11-14,.,No value available
2013-11-15,304534,
2013-11-16,.,No value available
2013-11-17,.,No value available
2013-11-18,.,No value available
2013-11-19,.,No value available
2013-11-20,.,No value available
2013-11-21,.,No value available
2013-11-22,304534,
2013-11-23,.,No value available
2013-11-24,.,No value available
2013-11-25,.,No value available
2013-11-26,.,No value available
2013-11-27,.,No value available
2013-11-28,.,No value available
2013-11-29,304534,
2013-11-30,.,No value available
2013-12-01,.,No value available
2013-12-02,.,No value available
2013-12-03,.,No value available
2013-12-04,.,No value available
2013-12-05,.,No value available
2013-12-06,304534,
2013-12-07,.,No value available
2013-12-08,.,No value available
2013-12-09,.,No value available
2013-12-10,.,No value available
2013-12-11,.,No value available
2013-12-12,.,No value available
2013-12-13,304534,
2013-12-14,.,No value available
2013-12-15,.,No value available
2013-12-16,.,No value available
2013-12-17,.,No value available
2013-12-18,.,No value available
2013-12-19,.,No value available
2013-12-20,304534,
2013-12-21,.,No value available
2013-12-22,.,No value available
2013-12-23,.,No value available
2013-12-24,.,No value available
2013-12-25,.,No value available
2013-12-26,.,No value available
2013-12-27,304534,
2013-12-28,.,No value available
2013-12-29,.,No value available
2013-12-30,.,No value available
2013-12-31,.,No value available
2014-01-01,.,No value available
2014-01-02,.,No value available
2014-01-03,262876,
2014-01-04,.,No value available
2014-01-05,.,No value available
2014-01-06,.,No value available
2014-01-07,.,No value available
2014-01-08,.,No value available
2014-01-09,.,No value available
2014-01-10,262876,
2014-01-11,.,No value available
2014-01-12,.,No value available
2014-01-13,.,No value available
2014-01-14,.,No value available
2014-01-15,.,No value available
2014-01-16,.,No value available
2014-01-17,262876,
2014-01-18,.,No value available
2014-01-19,.,No value available
2014-01-20,.,No value available
2014-01-21,.,No value available
2014-01-22,.,No value available
2014-01-23,.,No value available
2014-01-24,262876,
2014-01-25,.,No value available
2014-01-26,.,No value available
2014-01-27,.,No value available
2014-01-28,.,No value available
2014-01-29,.,No value available
2014-01-30,.,No value available
2014-01-31,262876,
2014-02-01,.,No value available
2014-02-02,.,No value available
2014-02-03,.,No value available
2014-02-04,.,No value available
2014-02-05,.,No value available
2014-02-06,.,No value available
2014-02-07,262876,
2014-02-08,.,No value available
2014-02-09,.,No value available
2014-02-10,.,No value available
2014-02-11,.,No value available
2014-02-12,.,No value available
2014-02-13,.,No value available
2014-02-14,262876,
2014-02-15,.,No value available
2014-02-16,.,No value available
2014-02-17,.,No value available
2014-02-18,.,No value available
2014-02-19,.,No value available
2014-02-20,.,No value available
2014-02-21,262876,
2014-02-22,.,No value available
2014-02-23,.,No value available
2014-02-24,.,No value available
2014-02-25,.,No value available
2014-02-26,.,No value available
2014-02-27,.,No value available
2014-02-28,262876,
2014-03-01,.,No value available
2014-03-02,.,No value available
2014-03-03,.,No value available
2014-03-04,.,No value available
2014-03-05,.,No value available
2014-03-06,.,No value available
2014-03-07,262876,
2014-03-08,.,No value available
2014-03-09,.,No value available
2014-03-10,.,No value available
2014-03-11,.,No value available
2014-03-12,.,No value available
2014-03-13,.,No value available
2014-03-14,262876,
2014-03-15,.,No value available
2014-03-16,.,No value available
2014-03-17,.,No value available
2014-03-18,.,No value available
2014-03-19,.,No value available
2014-03-20,.,No value available
2014-03-21,262876,
2014-03-22,.,No value available
2014-03-23,.,No value available
2014-03-24,.,No value available
2014-03-25,.,No value available
2014-03-26,.,No value available
2014-03-27,.,No value available
2014-03-28,262876,
2014-03-29,.,No value available
2014-03-30,.,No value available
2014-03-31,.,No value available
2014-04-01,.,No value available
2014-04-02,.,No value available
2014-04-03,.,No value available
2014-04-04,288913,
2014-04-05,.,No value available
2014-04-06,.,No value available
2014-04-07,.,No value available
2014-04-08,.,No value available
2014-04-09,.,No value available
2014-04-10,.,No value available
2014-04-11,288913,
2014-04-12,.,No value available
2014-04-13,.,No value available
2014-04-14,.,No value available
2014-04-15,.,No value available
2014-04-16,.,No value available
2014-04-17,.,No value available
2014-04-18,288913,
2014-04-19,.,No value available
2014-04-20,.,No value available
2014-04-21,.,No value available
2014-04-22,.,No value available
2014-04-23,.,No value available
2014-04-24,.,No value available
2014-04-25,288913,
2014-04-26,.,No value available
2014-04-27,.,No value available
2014-04-28,.,No value available
2014-04-29,.,No value available
2014-04-30,.,No value available
2014-05-01,.,No value available
2014-05-02,288913,
2014-05-03,.,No value available
2014-05-04,.,No value available
2014-05-05,.,No value available
2014-05-06,.,No value available
2014-05-07,.,No value available
2014-05-08,.,No value available
2014-05-09,288913,
2014-05-10,.,No value available
2014-05-11,.,No value available
2014-05-12,.,No value available
2014-05-13,.,No value available
2014-05-14,.,No value available
2014-05-15,.,No value available
2014-05-16,288913,
2014-05-17,.,No value available
2014-05-18,.,No value available
2014-05-19,.,No value available
2014-05-20,.,No value available
2014-05-21,.,No value available
2014-05-22,.,No value available
2014-05-23,288913,
2014-05-24,.,No value available
2014-05-25,.,No value available
2014-05-26,.,No value available
2014-05-27,.,No value available
2014-05-28,.,No value available
2014-05-29,.,No value available
2014-05-30,288913,
2014-05-31,.,No value available
2014-06-01,.,No value available
2014-06-02,.,No value available
2014-06-03,.,No value available
2014-06-04,.,No value available
2014-06-05,.,No value available
2014-06-06,288913,
2014-06-07,.,No value available
2014-06-08,.,No value available
2014-06-09,.,No value available
2014-06-10,.,No value available
2014-06-11,.,No value available
2014-06-12,.,No value available
2014-06-13,288913,
2014-06-14,.,No value available
2014-06-15,.,No value available
2014-06-16,.,No value available
2014-06-17,.,No value available
2014-06-18,.,No value available
2014-06-19,.,No value available
2014-06-20,288913,
2014-06-21,.,No value available
2014-06-22,.,No value available
2014-06-23,.,No value available
2014-06-24,.,No value available
2014-06-25,.,No value available
2014-06-26,.,No value available
2014-06-27,288913,
2014-06-28,.,No value available
2014-06-29,.,No value available
2014-06-30,.,No value available
2014-07-01,.,No value available
2014-07-02,.,No value available
2014-07-03,.,No value available
2014-07-04,301418,
2014-07-05,.,No value available
2014-07-06,.,No value available
2014-07-07,.,No value available
2014-07-08,.,No value available
2014-07-09,.,No value available
2014-07-10,.,No value available
2014-07-11,301418,
2014-07-12,.,No value available
2014-07-13,.,No value available
2014-07-14,.,No value available
2014-07-15,.,No value available
2014-07-16,.,No value available
2014-07-17,.,No value available
2014-07-18,301418,
2014-07-19,.,No value available
2014-07-20,.,No value available
2014-07-21,.,No value available
2014-07-22,.,No value available
2014-07-23,.,No value available
2014-07-24,.,No value available
2014-07-25,301418,
2014-07-26,.,No value available
2014-07-27,.,No value available
2014-07-28,.,No value available
2014-07-29,.,No value available
2014-07-30,.,No value available
2014-07-31,.,No value available
2014-08-01,301418,
2014-08-02,.,No value available
2014-08-03,.,No value available
2014-08-04,.,No value available
2014-08-05,.,No value available
2014-08-06,.,No value available
2014-08-07,.,No value available
2014-08-08,301418,
2014-08-09,.,No value available
2014-08-10,.,No value available
2014-08-11,.,No value available
2014-08-12,.,No value available
2014-08-13,.,No value available
2014-08-14,.,No value available
2014-08-15,301418,
2014-08-16,.,No value available
2014-08-17,.,No value available
2014-08-18,.,No value available
2014-08-19,.,No value available
2014-08-20,.,No value available
2014-08-21,.,No value available
2014-08-22,301418,
2014-08-23,.,No value available
2014-08-24,.,No value available
2014-08-25,.,No value available
2014-08-26,.,No value available
2014-08-27,.,No value available
2014-08-28,.,No value available
2014-08-29,301418,
2014-08-30,.,No value available
2014-08-31,.,No value available
2014-09-01,.,No value available
2014-09-02,.,No value available
2014-09-03,.,No value available
2014-09-04,.,No value available
2014-09-05,301418,
2014-09-06,.,No value available
2014-09-07,.,No value available
2014-09-08,.,No value available
2014-09-09,.,No value available
2014-09-10,.,No value available
2014-09-11,.,No value available
2014-09-12,301418,
2014-09-13,.,No value available
2014-09-14,.,No value available
2014-09-15,.,No value available
2014-09-16,.,No value available
2014-09-17,.,No value available
2014-09-18,.,No value available
2014-09-19,301418,
2014-09-20,.,No value available
2014-09-21,.,No value available
2014-09-22,.,No value available
2014-09-23,.,No value available
2014-09-24,.,No value available
2014-09-25,.,No value available
2014-09-26,301418,
2014-09-27,.,No value available
2014-09-28,.,No value available
2014-09-29,.,No value available
2014-09-30,.,No value available
2014-10-01,.,No value available
2014-10-02,.,No value available
2014-10-03,315537,
2014-10-04,.,No value available
2014-10-05,.,No value available
2014-10-06,.,No value available
2014-10-07,.,No value available
2014-10-08,.,No value available
2014-10-09,.,No value available
2014-10-10,315537,
2014-10-11,.,No value available
2014-10-12,.,No value available
2014-10-13,.,No value available
2014-10-14,.,No value available
2014-10-15,.,No value available
2014-10-16,.,No value available
2014-10-17,315537,
2014-10-18,.,No value available
2014-10-19,.,No value available
2014-10-20,.,No value available
2014-10-21,.,No value available
2014-10-22,.,No value available
2014-10-23,.,No value available
2014-10-24,315537,
2014-10-25,.,No value available
2014-10-26,.,No value available
2014-10-27,.,No value available
2014-10-28,.,No value available
2014-10-29,.,No value available
2014-10-30,.,No value available
2014-10-31,315537,
2014-11-01,.,No value available
2014-11-02,.,No value available
2014-11-03,.,No value available
2014-11-04,.,No value available
2014-11-05,.,No value available
2014-11-06,.,No value available
2014-11-07,315537,
2014-11-08,.,No value available
2014-11-09,.,No value available
2014-11-10,.,No value available
2014-11-11,.,No value available
2014-11-12,.,No value available
2014-11-13,.,No value available
2014-11-14,315537,
2014-11-15,.,No value available
2014-11-16,.,No value available
2014-11-17,.,No value available
2014-11-18,.,No value available
2014-11-19,.,No value available
2014-11-20,.,No value available
2014-11-21,315537,
2014-11-22,.,No value available
2014-11-23,.,No value available
2014-11-24,.,No value available
2014-11-25,.,No value available
2014-11-26,.,No value available
2014-11-27,.,No value available
2014-11-28,315537,
2014-11-29,.,No value available
2014-11-30,.,No value available
2014-12-01,.,No value available
2014-12-02,.,No value available
2014-12-03,.,No value available
2014-12-04,.,No value available
2014-12-05,315537,
2014-12-06,.,No value available
2014-12-07,.,No value available
2014-12-08,.,No value available
2014-12-09,.,No value available
2014-12-10,.,No value available
2014-12-11,.,No value available
2014-12-12,315537,
2014-12-13,.,No value available
2014-12-14,.,No value available
2014-12-15,.,No value available
2014-12-16,.,No value available
2014-12-17,.,No value available
2014-12-18,.,No value available
2014-12-19,315537,
2014-12-20,.,No value available
2014-12-21,.,No value available
2014-12-22,.,No value available
2014-12-23,.,No value available
2014-12-24,.,No value available
2014-12-25,.,No value available
2014-12-26,315537,
2014-12-27,.,No value available
2014-12-28,.,No value available
2014-12-29,.,No value available
2014-12-30,.,No value available
2014-12-31,.,No value available
2015-01-01,.,No value available
2015-01-02,330898,
2015-01-03,.,No value available
2015-01-04,.,No value available
2015-01-05,.,No value available
2015-01-06,.,No value available
2015-01-07,.,No value available
2015-01-08,.,No value available
2015-01-09,330898,
2015-01-10,.,No value available
2015-01-11,.,No value available
2015-01-12,.,No value available
2015-01-13,.,No value available
2015-01-14,.,No value available
2015-01-15,.,No value available
2015-01-16,330898,
2015-01-17,.,No value available
2015-01-18,.,No value available
2015-01-19,.,No value available
2015-01-20,.,No value available
2015-01-21,.,No value available
2015-01-22,.,No value available
2015-01-23,330898,
