"",BBK01.WT4628,BBK01.WT4628_FLAGS
"",Yields on debt securities outstanding issued by residents /Mortgage Pfandbriefe / Mean residual maturity of more than3 and up to 4 years / Daily data,
unit,PROZENT (hypothetically euro-based),
unit multiplier,one,
last update,2015-03-02 08:55:10,
1996-07-01,5.26,
1996-07-02,5.26,
1996-07-03,5.29,
1996-07-04,5.30,
1996-07-05,5.30,
1996-07-06,.,No value available
1996-07-07,.,No value available
1996-07-08,5.39,
1996-07-09,5.39,
1996-07-10,5.35,
1996-07-11,5.33,
1996-07-12,5.30,
1996-07-13,.,No value available
1996-07-14,.,No value available
1996-07-15,5.28,
1996-07-16,5.28,
1996-07-17,5.21,
1996-07-18,5.17,
1996-07-19,5.12,
1996-07-20,.,No value available
1996-07-21,.,No value available
1996-07-22,5.12,
1996-07-23,5.11,
1996-07-24,5.08,
1996-07-25,5.07,
1996-07-26,5.07,
1996-07-27,.,No value available
1996-07-28,.,No value available
1996-07-29,5.10,
1996-07-30,5.13,
1996-07-31,5.12,
1996-08-01,5.14,
1996-08-02,5.12,
1996-08-03,.,No value available
1996-08-04,.,No value available
1996-08-05,5.04,
1996-08-06,5.03,
1996-08-07,5.02,
1996-08-08,5.02,
1996-08-09,5.02,
1996-08-10,.,No value available
1996-08-11,.,No value available
1996-08-12,5.01,
1996-08-13,5.02,
1996-08-14,5.03,
1996-08-15,5.02,
1996-08-16,5.00,
1996-08-17,.,No value available
1996-08-18,.,No value available
1996-08-19,4.95,
1996-08-20,4.95,
1996-08-21,4.98,
1996-08-22,5.04,
1996-08-23,4.96,
1996-08-24,.,No value available
1996-08-25,.,No value available
1996-08-26,4.98,
1996-08-27,4.98,
1996-08-28,4.94,
1996-08-29,4.91,
1996-08-30,4.90,
1996-08-31,.,No value available
1996-09-01,.,No value available
1996-09-02,4.96,
1996-09-03,4.96,
1996-09-04,4.95,
1996-09-05,4.94,
1996-09-06,4.94,
1996-09-07,.,No value available
1996-09-08,.,No value available
1996-09-09,4.91,
1996-09-10,4.86,
1996-09-11,4.86,
1996-09-12,4.85,
1996-09-13,4.82,
1996-09-14,.,No value available
1996-09-15,.,No value available
1996-09-16,4.76,
1996-09-17,4.75,
1996-09-18,4.74,
1996-09-19,4.74,
1996-09-20,4.73,
1996-09-21,.,No value available
1996-09-22,.,No value available
1996-09-23,4.73,
1996-09-24,4.73,
1996-09-25,4.70,
1996-09-26,4.65,
1996-09-27,4.64,
1996-09-28,.,No value available
1996-09-29,.,No value available
1996-09-30,4.64,
1996-10-01,4.68,
1996-10-02,4.63,
1996-10-03,.,No value available
1996-10-04,4.62,
1996-10-05,.,No value available
1996-10-06,.,No value available
1996-10-07,4.54,
1996-10-08,4.55,
1996-10-09,4.52,
1996-10-10,4.50,
1996-10-11,4.51,
1996-10-12,.,No value available
1996-10-13,.,No value available
1996-10-14,4.51,
1996-10-15,4.50,
1996-10-16,4.48,
1996-10-17,4.49,
1996-10-18,4.49,
1996-10-19,.,No value available
1996-10-20,.,No value available
1996-10-21,4.48,
1996-10-22,4.48,
1996-10-23,4.46,
1996-10-24,4.49,
1996-10-25,4.57,
1996-10-26,.,No value available
1996-10-27,.,No value available
1996-10-28,4.55,
1996-10-29,4.60,
1996-10-30,4.55,
1996-10-31,4.57,
1996-11-01,4.59,
1996-11-02,.,No value available
1996-11-03,.,No value available
1996-11-04,4.67,
1996-11-05,4.67,
1996-11-06,4.56,
1996-11-07,4.56,
1996-11-08,4.54,
1996-11-09,.,No value available
1996-11-10,.,No value available
1996-11-11,4.57,
1996-11-12,4.53,
1996-11-13,4.52,
1996-11-14,4.52,
1996-11-15,4.49,
1996-11-16,.,No value available
1996-11-17,.,No value available
1996-11-18,4.50,
1996-11-19,4.49,
1996-11-20,4.49,
1996-11-21,4.50,
1996-11-22,4.52,
1996-11-23,.,No value available
1996-11-24,.,No value available
1996-11-25,4.52,
1996-11-26,4.50,
1996-11-27,4.50,
1996-11-28,4.48,
1996-11-29,4.44,
1996-11-30,.,No value available
1996-12-01,.,No value available
1996-12-02,4.41,
1996-12-03,4.40,
1996-12-04,4.40,
1996-12-05,4.40,
1996-12-06,4.54,
1996-12-07,.,No value available
1996-12-08,.,No value available
1996-12-09,4.49,
1996-12-10,4.44,
1996-12-11,4.46,
1996-12-12,4.49,
1996-12-13,4.51,
1996-12-14,.,No value available
1996-12-15,.,No value available
1996-12-16,4.48,
1996-12-17,4.48,
1996-12-18,4.47,
1996-12-19,4.48,
1996-12-20,4.44,
1996-12-21,.,No value available
1996-12-22,.,No value available
1996-12-23,4.44,
1996-12-24,.,No value available
1996-12-25,.,No value available
1996-12-26,.,No value available
1996-12-27,4.43,
1996-12-28,.,No value available
1996-12-29,.,No value available
1996-12-30,4.42,
1996-12-31,.,No value available
1997-01-01,.,No value available
1997-01-02,4.50,
1997-01-03,4.55,
1997-01-04,.,No value available
1997-01-05,.,No value available
1997-01-06,4.55,
1997-01-07,4.55,
1997-01-08,4.53,
1997-01-09,4.48,
1997-01-10,4.42,
1997-01-11,.,No value available
1997-01-12,.,No value available
1997-01-13,4.39,
1997-01-14,4.34,
1997-01-15,4.30,
1997-01-16,4.29,
1997-01-17,4.29,
1997-01-18,.,No value available
1997-01-19,.,No value available
1997-01-20,4.28,
1997-01-21,4.28,
1997-01-22,4.26,
1997-01-23,4.29,
1997-01-24,4.32,
1997-01-25,.,No value available
1997-01-26,.,No value available
1997-01-27,4.34,
1997-01-28,4.39,
1997-01-29,4.36,
1997-01-30,4.34,
1997-01-31,4.32,
1997-02-01,.,No value available
1997-02-02,.,No value available
1997-02-03,4.32,
1997-02-04,4.30,
1997-02-05,4.30,
1997-02-06,4.29,
1997-02-07,4.29,
1997-02-08,.,No value available
1997-02-09,.,No value available
1997-02-10,4.26,
1997-02-11,4.24,
1997-02-12,4.21,
1997-02-13,4.20,
1997-02-14,4.18,
1997-02-15,.,No value available
1997-02-16,.,No value available
1997-02-17,4.18,
1997-02-18,4.17,
1997-02-19,4.18,
1997-02-20,4.22,
1997-02-21,4.23,
1997-02-22,.,No value available
1997-02-23,.,No value available
1997-02-24,4.23,
1997-02-25,4.23,
1997-02-26,4.25,
1997-02-27,4.27,
1997-02-28,4.24,
1997-03-01,.,No value available
1997-03-02,.,No value available
1997-03-03,4.30,
1997-03-04,4.28,
1997-03-05,4.31,
1997-03-06,4.34,
1997-03-07,4.38,
1997-03-08,.,No value available
1997-03-09,.,No value available
1997-03-10,4.43,
1997-03-11,4.44,
1997-03-12,4.46,
1997-03-13,4.46,
1997-03-14,4.47,
1997-03-15,.,No value available
1997-03-16,.,No value available
1997-03-17,4.47,
1997-03-18,4.57,
1997-03-19,4.57,
1997-03-20,4.60,
1997-03-21,4.57,
1997-03-22,.,No value available
1997-03-23,.,No value available
1997-03-24,4.57,
1997-03-25,4.56,
1997-03-26,4.56,
1997-03-27,4.53,
1997-03-28,.,No value available
1997-03-29,.,No value available
1997-03-30,.,No value available
1997-03-31,.,No value available
1997-04-01,4.58,
1997-04-02,4.58,
1997-04-03,4.58,
1997-04-04,4.58,
1997-04-05,.,No value available
1997-04-06,.,No value available
1997-04-07,4.55,
1997-04-08,4.50,
1997-04-09,4.50,
1997-04-10,4.50,
1997-04-11,4.50,
1997-04-12,.,No value available
1997-04-13,.,No value available
1997-04-14,4.54,
1997-04-15,4.52,
1997-04-16,4.47,
1997-04-17,4.46,
1997-04-18,4.46,
1997-04-19,.,No value available
1997-04-20,.,No value available
1997-04-21,4.45,
1997-04-22,4.46,
1997-04-23,4.45,
1997-04-24,4.44,
1997-04-25,4.46,
1997-04-26,.,No value available
1997-04-27,.,No value available
1997-04-28,4.47,
1997-04-29,4.47,
1997-04-30,4.42,
1997-05-01,.,No value available
1997-05-02,4.42,
1997-05-03,.,No value available
1997-05-04,.,No value available
1997-05-05,4.41,
1997-05-06,4.41,
1997-05-07,4.41,
1997-05-08,.,No value available
1997-05-09,4.39,
1997-05-10,.,No value available
1997-05-11,.,No value available
1997-05-12,4.39,
1997-05-13,4.36,
1997-05-14,4.36,
1997-05-15,4.34,
1997-05-16,4.34,
1997-05-17,.,No value available
1997-05-18,.,No value available
1997-05-19,.,No value available
1997-05-20,4.40,
1997-05-21,4.40,
1997-05-22,4.45,
1997-05-23,4.46,
1997-05-24,.,No value available
1997-05-25,.,No value available
1997-05-26,4.47,
1997-05-27,4.47,
1997-05-28,4.46,
1997-05-29,.,No value available
1997-05-30,4.48,
1997-05-31,.,No value available
1997-06-01,.,No value available
1997-06-02,4.51,
1997-06-03,4.48,
1997-06-04,4.44,
1997-06-05,4.43,
1997-06-06,4.42,
1997-06-07,.,No value available
1997-06-08,.,No value available
1997-06-09,4.37,
1997-06-10,4.37,
1997-06-11,4.36,
1997-06-12,4.36,
1997-06-13,4.32,
1997-06-14,.,No value available
1997-06-15,.,No value available
1997-06-16,4.32,
1997-06-17,4.31,
1997-06-18,4.34,
1997-06-19,4.33,
1997-06-20,4.35,
1997-06-21,.,No value available
1997-06-22,.,No value available
1997-06-23,4.35,
1997-06-24,4.36,
1997-06-25,4.33,
1997-06-26,4.31,
1997-06-27,4.29,
1997-06-28,.,No value available
1997-06-29,.,No value available
1997-06-30,4.28,
1997-07-01,4.32,
1997-07-02,4.30,
1997-07-03,4.29,
1997-07-04,4.27,
1997-07-05,.,No value available
1997-07-06,.,No value available
1997-07-07,4.27,
1997-07-08,4.24,
1997-07-09,4.24,
1997-07-10,4.24,
1997-07-11,4.24,
1997-07-12,.,No value available
1997-07-13,.,No value available
1997-07-14,4.25,
1997-07-15,4.34,
1997-07-16,4.35,
1997-07-17,4.33,
1997-07-18,4.32,
1997-07-19,.,No value available
1997-07-20,.,No value available
1997-07-21,4.32,
1997-07-22,4.32,
1997-07-23,4.31,
1997-07-24,4.35,
1997-07-25,4.44,
1997-07-26,.,No value available
1997-07-27,.,No value available
1997-07-28,4.47,
1997-07-29,4.47,
1997-07-30,4.46,
1997-07-31,4.45,
1997-08-01,4.50,
1997-08-02,.,No value available
1997-08-03,.,No value available
1997-08-04,4.59,
1997-08-05,4.61,
1997-08-06,4.69,
1997-08-07,4.66,
1997-08-08,4.62,
1997-08-09,.,No value available
1997-08-10,.,No value available
1997-08-11,4.59,
1997-08-12,4.58,
1997-08-13,4.60,
1997-08-14,4.61,
1997-08-15,4.61,
1997-08-16,.,No value available
1997-08-17,.,No value available
1997-08-18,4.61,
1997-08-19,4.59,
1997-08-20,4.57,
1997-08-21,4.61,
1997-08-22,4.64,
1997-08-23,.,No value available
1997-08-24,.,No value available
1997-08-25,4.68,
1997-08-26,4.69,
1997-08-27,4.69,
1997-08-28,4.69,
1997-08-29,4.65,
1997-08-30,.,No value available
1997-08-31,.,No value available
1997-09-01,4.71,
1997-09-02,4.71,
1997-09-03,4.71,
1997-09-04,4.73,
1997-09-05,4.72,
1997-09-06,.,No value available
1997-09-07,.,No value available
1997-09-08,4.72,
1997-09-09,4.71,
1997-09-10,4.69,
1997-09-11,4.67,
1997-09-12,4.67,
1997-09-13,.,No value available
1997-09-14,.,No value available
1997-09-15,4.68,
1997-09-16,4.71,
1997-09-17,4.69,
1997-09-18,4.69,
1997-09-19,4.68,
1997-09-20,.,No value available
1997-09-21,.,No value available
1997-09-22,4.71,
1997-09-23,4.73,
1997-09-24,4.72,
1997-09-25,4.71,
1997-09-26,4.72,
1997-09-27,.,No value available
1997-09-28,.,No value available
1997-09-29,4.73,
1997-09-30,4.74,
1997-10-01,4.74,
1997-10-02,4.73,
1997-10-03,.,No value available
1997-10-04,.,No value available
1997-10-05,.,No value available
1997-10-06,4.72,
1997-10-07,4.72,
1997-10-08,4.73,
1997-10-09,4.79,
1997-10-10,4.98,
1997-10-11,.,No value available
1997-10-12,.,No value available
1997-10-13,4.99,
1997-10-14,4.97,
1997-10-15,4.98,
1997-10-16,5.05,
1997-10-17,5.15,
1997-10-18,.,No value available
1997-10-19,.,No value available
1997-10-20,5.14,
1997-10-21,5.15,
1997-10-22,5.20,
1997-10-23,5.19,
1997-10-24,5.16,
1997-10-25,.,No value available
1997-10-26,.,No value available
1997-10-27,5.07,
1997-10-28,4.95,
1997-10-29,5.06,
1997-10-30,5.00,
1997-10-31,5.00,
1997-11-01,.,No value available
1997-11-02,.,No value available
1997-11-03,5.03,
1997-11-04,5.03,
1997-11-05,5.07,
1997-11-06,5.08,
1997-11-07,5.07,
1997-11-08,.,No value available
1997-11-09,.,No value available
1997-11-10,5.08,
1997-11-11,5.10,
1997-11-12,5.10,
1997-11-13,5.12,
1997-11-14,5.06,
1997-11-15,.,No value available
1997-11-16,.,No value available
1997-11-17,5.04,
1997-11-18,5.02,
1997-11-19,5.02,
1997-11-20,5.01,
1997-11-21,5.00,
1997-11-22,.,No value available
1997-11-23,.,No value available
1997-11-24,5.00,
1997-11-25,5.01,
1997-11-26,5.00,
1997-11-27,5.00,
1997-11-28,5.00,
1997-11-29,.,No value available
1997-11-30,.,No value available
1997-12-01,5.01,
1997-12-02,5.00,
1997-12-03,5.00,
1997-12-04,5.00,
1997-12-05,5.00,
1997-12-06,.,No value available
1997-12-07,.,No value available
1997-12-08,5.00,
1997-12-09,5.00,
1997-12-10,5.01,
1997-12-11,5.00,
1997-12-12,4.93,
1997-12-13,.,No value available
1997-12-14,.,No value available
1997-12-15,4.89,
1997-12-16,4.90,
1997-12-17,4.90,
1997-12-18,4.90,
1997-12-19,4.86,
1997-12-20,.,No value available
1997-12-21,.,No value available
1997-12-22,4.77,
1997-12-23,4.76,
1997-12-24,.,No value available
1997-12-25,.,No value available
1997-12-26,.,No value available
1997-12-27,.,No value available
1997-12-28,.,No value available
1997-12-29,4.75,
1997-12-30,4.78,
1997-12-31,.,No value available
1998-01-01,.,No value available
1998-01-02,4.85,
1998-01-03,.,No value available
1998-01-04,.,No value available
1998-01-05,4.81,
1998-01-06,4.80,
1998-01-07,4.77,
1998-01-08,4.76,
1998-01-09,4.68,
1998-01-10,.,No value available
1998-01-11,.,No value available
1998-01-12,4.59,
1998-01-13,4.60,
1998-01-14,4.61,
1998-01-15,4.59,
1998-01-16,4.60,
1998-01-17,.,No value available
1998-01-18,.,No value available
1998-01-19,4.59,
1998-01-20,4.57,
1998-01-21,4.57,
1998-01-22,4.59,
1998-01-23,4.62,
1998-01-24,.,No value available
1998-01-25,.,No value available
1998-01-26,4.64,
1998-01-27,4.59,
1998-01-28,4.58,
1998-01-29,4.59,
1998-01-30,4.54,
1998-01-31,.,No value available
1998-02-01,.,No value available
1998-02-02,4.56,
1998-02-03,4.56,
1998-02-04,4.56,
1998-02-05,4.58,
1998-02-06,4.60,
1998-02-07,.,No value available
1998-02-08,.,No value available
1998-02-09,4.59,
1998-02-10,4.59,
1998-02-11,4.56,
1998-02-12,4.54,
1998-02-13,4.53,
1998-02-14,.,No value available
1998-02-15,.,No value available
1998-02-16,4.52,
1998-02-17,4.50,
1998-02-18,4.49,
1998-02-19,4.49,
1998-02-20,4.50,
1998-02-21,.,No value available
1998-02-22,.,No value available
1998-02-23,4.48,
1998-02-24,4.49,
1998-02-25,4.54,
1998-02-26,4.50,
1998-02-27,4.50,
1998-02-28,.,No value available
1998-03-01,.,No value available
1998-03-02,4.52,
1998-03-03,4.52,
1998-03-04,4.54,
1998-03-05,4.60,
1998-03-06,4.57,
1998-03-07,.,No value available
1998-03-08,.,No value available
1998-03-09,4.55,
1998-03-10,4.50,
1998-03-11,4.48,
1998-03-12,4.48,
1998-03-13,4.46,
1998-03-14,.,No value available
1998-03-15,.,No value available
1998-03-16,4.47,
1998-03-17,4.47,
1998-03-18,4.47,
1998-03-19,4.48,
1998-03-20,4.53,
1998-03-21,.,No value available
1998-03-22,.,No value available
1998-03-23,4.54,
1998-03-24,4.53,
1998-03-25,4.51,
1998-03-26,4.54,
1998-03-27,4.54,
1998-03-28,.,No value available
1998-03-29,.,No value available
1998-03-30,4.54,
1998-03-31,4.59,
1998-04-01,4.62,
1998-04-02,4.61,
1998-04-03,4.58,
1998-04-04,.,No value available
1998-04-05,.,No value available
1998-04-06,4.57,
1998-04-07,4.58,
1998-04-08,4.59,
1998-04-09,4.59,
1998-04-10,.,No value available
1998-04-11,.,No value available
1998-04-12,.,No value available
1998-04-13,.,No value available
1998-04-14,4.60,
1998-04-15,4.60,
1998-04-16,4.61,
1998-04-17,4.60,
1998-04-18,.,No value available
1998-04-19,.,No value available
1998-04-20,4.62,
1998-04-21,4.65,
1998-04-22,4.64,
1998-04-23,4.64,
1998-04-24,4.63,
1998-04-25,.,No value available
1998-04-26,.,No value available
1998-04-27,4.63,
1998-04-28,4.67,
1998-04-29,4.66,
1998-04-30,4.69,
1998-05-01,.,No value available
1998-05-02,.,No value available
1998-05-03,.,No value available
1998-05-04,4.69,
1998-05-05,4.68,
1998-05-06,4.69,
1998-05-07,4.69,
1998-05-08,4.68,
1998-05-09,.,No value available
1998-05-10,.,No value available
1998-05-11,4.66,
1998-05-12,4.67,
1998-05-13,4.67,
1998-05-14,4.66,
1998-05-15,4.66,
1998-05-16,.,No value available
1998-05-17,.,No value available
1998-05-18,4.66,
1998-05-19,4.66,
1998-05-20,4.65,
1998-05-21,.,No value available
1998-05-22,4.63,
1998-05-23,.,No value available
1998-05-24,.,No value available
1998-05-25,4.62,
1998-05-26,4.62,
1998-05-27,4.59,
1998-05-28,4.58,
1998-05-29,4.57,
1998-05-30,.,No value available
1998-05-31,.,No value available
1998-06-01,.,No value available
1998-06-02,4.54,
1998-06-03,4.54,
1998-06-04,4.55,
1998-06-05,4.57,
1998-06-06,.,No value available
1998-06-07,.,No value available
1998-06-08,4.57,
1998-06-09,4.58,
1998-06-10,4.58,
1998-06-11,.,No value available
1998-06-12,4.53,
1998-06-13,.,No value available
1998-06-14,.,No value available
1998-06-15,4.52,
1998-06-16,4.52,
1998-06-17,4.52,
1998-06-18,4.54,
1998-06-19,4.54,
1998-06-20,.,No value available
1998-06-21,.,No value available
1998-06-22,4.53,
1998-06-23,4.53,
1998-06-24,4.51,
1998-06-25,4.51,
1998-06-26,4.50,
1998-06-27,.,No value available
1998-06-28,.,No value available
1998-06-29,4.49,
1998-06-30,4.47,
1998-07-01,4.48,
1998-07-02,4.47,
1998-07-03,4.46,
1998-07-04,.,No value available
1998-07-05,.,No value available
1998-07-06,4.43,
1998-07-07,4.42,
1998-07-08,4.43,
1998-07-09,4.42,
1998-07-10,4.41,
1998-07-11,.,No value available
1998-07-12,.,No value available
1998-07-13,4.40,
1998-07-14,4.42,
1998-07-15,4.42,
1998-07-16,4.42,
1998-07-17,4.42,
1998-07-18,.,No value available
1998-07-19,.,No value available
1998-07-20,4.42,
1998-07-21,4.40,
1998-07-22,4.40,
1998-07-23,4.40,
1998-07-24,4.40,
1998-07-25,.,No value available
1998-07-26,.,No value available
1998-07-27,4.40,
1998-07-28,4.41,
1998-07-29,4.41,
1998-07-30,4.40,
1998-07-31,4.40,
1998-08-01,.,No value available
1998-08-02,.,No value available
1998-08-03,4.41,
1998-08-04,4.38,
1998-08-05,4.37,
1998-08-06,4.37,
1998-08-07,4.37,
1998-08-08,.,No value available
1998-08-09,.,No value available
1998-08-10,4.34,
1998-08-11,4.31,
1998-08-12,4.29,
1998-08-13,4.27,
1998-08-14,4.28,
1998-08-15,.,No value available
1998-08-16,.,No value available
1998-08-17,4.25,
1998-08-18,4.24,
1998-08-19,4.25,
1998-08-20,4.23,
1998-08-21,4.17,
1998-08-22,.,No value available
1998-08-23,.,No value available
1998-08-24,4.15,
1998-08-25,4.12,
1998-08-26,4.12,
1998-08-27,4.13,
1998-08-28,4.09,
1998-08-29,.,No value available
1998-08-30,.,No value available
1998-08-31,4.08,
1998-09-01,4.06,
1998-09-02,4.09,
1998-09-03,4.06,
1998-09-04,4.05,
1998-09-05,.,No value available
1998-09-06,.,No value available
1998-09-07,4.04,
1998-09-08,4.03,
1998-09-09,4.01,
1998-09-10,3.89,
1998-09-11,3.77,
1998-09-12,.,No value available
1998-09-13,.,No value available
1998-09-14,3.86,
1998-09-15,3.86,
1998-09-16,3.88,
1998-09-17,3.90,
1998-09-18,3.90,
1998-09-19,.,No value available
1998-09-20,.,No value available
1998-09-21,3.91,
1998-09-22,3.93,
1998-09-23,3.93,
1998-09-24,3.90,
1998-09-25,3.88,
1998-09-26,.,No value available
1998-09-27,.,No value available
1998-09-28,3.88,
1998-09-29,3.87,
1998-09-30,3.85,
1998-10-01,3.76,
1998-10-02,3.74,
1998-10-03,.,No value available
1998-10-04,.,No value available
1998-10-05,3.72,
1998-10-06,3.71,
1998-10-07,3.76,
1998-10-08,3.76,
1998-10-09,3.94,
1998-10-10,.,No value available
1998-10-11,.,No value available
1998-10-12,3.89,
1998-10-13,3.91,
1998-10-14,3.90,
1998-10-15,3.84,
1998-10-16,3.78,
1998-10-17,.,No value available
1998-10-18,.,No value available
1998-10-19,3.78,
1998-10-20,3.77,
1998-10-21,3.83,
1998-10-22,3.79,
1998-10-23,3.79,
1998-10-24,.,No value available
1998-10-25,.,No value available
1998-10-26,3.81,
1998-10-27,3.81,
1998-10-28,3.79,
1998-10-29,3.80,
1998-10-30,3.80,
1998-10-31,.,No value available
1998-11-01,.,No value available
1998-11-02,3.84,
1998-11-03,3.87,
1998-11-04,3.83,
1998-11-05,3.84,
1998-11-06,3.84,
1998-11-07,.,No value available
1998-11-08,.,No value available
1998-11-09,3.90,
1998-11-10,3.87,
1998-11-11,3.87,
1998-11-12,3.86,
1998-11-13,3.86,
1998-11-14,.,No value available
1998-11-15,.,No value available
1998-11-16,3.90,
1998-11-17,3.89,
1998-11-18,3.85,
1998-11-19,3.83,
1998-11-20,3.83,
1998-11-21,.,No value available
1998-11-22,.,No value available
1998-11-23,3.82,
1998-11-24,3.79,
1998-11-25,3.77,
1998-11-26,3.76,
1998-11-27,3.73,
1998-11-28,.,No value available
1998-11-29,.,No value available
1998-11-30,3.71,
1998-12-01,3.71,
1998-12-02,3.71,
1998-12-03,3.65,
1998-12-04,3.61,
1998-12-05,.,No value available
1998-12-06,.,No value available
1998-12-07,3.61,
1998-12-08,3.60,
1998-12-09,3.57,
1998-12-10,3.54,
1998-12-11,3.52,
1998-12-12,.,No value available
1998-12-13,.,No value available
1998-12-14,3.52,
1998-12-15,3.52,
1998-12-16,3.52,
1998-12-17,3.52,
1998-12-18,3.52,
1998-12-19,.,No value available
1998-12-20,.,No value available
1998-12-21,3.51,
1998-12-22,3.53,
1998-12-23,3.56,
1998-12-24,.,No value available
1998-12-25,.,No value available
1998-12-26,.,No value available
1998-12-27,.,No value available
1998-12-28,3.56,
1998-12-29,3.55,
1998-12-30,3.54,
1998-12-31,.,No value available
1999-01-01,.,No value available
1999-01-02,.,No value available
1999-01-03,.,No value available
1999-01-04,3.51,
1999-01-05,3.49,
1999-01-06,3.48,
1999-01-07,3.46,
1999-01-08,3.45,
1999-01-09,.,No value available
1999-01-10,.,No value available
1999-01-11,3.42,
1999-01-12,3.44,
1999-01-13,3.40,
1999-01-14,3.38,
1999-01-15,3.35,
1999-01-16,.,No value available
1999-01-17,.,No value available
1999-01-18,3.35,
1999-01-19,3.32,
1999-01-20,3.32,
1999-01-21,3.31,
1999-01-22,3.30,
1999-01-23,.,No value available
1999-01-24,.,No value available
1999-01-25,3.29,
1999-01-26,3.29,
1999-01-27,3.30,
1999-01-28,3.29,
1999-01-29,3.29,
1999-01-30,.,No value available
1999-01-31,.,No value available
1999-02-01,3.31,
1999-02-02,3.35,
1999-02-03,3.36,
1999-02-04,3.37,
1999-02-05,3.41,
1999-02-06,.,No value available
1999-02-07,.,No value available
1999-02-08,3.43,
1999-02-09,3.44,
1999-02-10,3.40,
1999-02-11,3.40,
1999-02-12,3.40,
1999-02-13,.,No value available
1999-02-14,.,No value available
1999-02-15,3.44,
1999-02-16,3.45,
1999-02-17,3.46,
1999-02-18,3.45,
1999-02-19,3.46,
1999-02-20,.,No value available
1999-02-21,.,No value available
1999-02-22,3.45,
1999-02-23,3.43,
1999-02-24,3.42,
1999-02-25,3.44,
1999-02-26,3.51,
1999-02-27,.,No value available
1999-02-28,.,No value available
1999-03-01,3.55,
1999-03-02,3.64,
1999-03-03,3.63,
1999-03-04,3.68,
1999-03-05,3.65,
1999-03-06,.,No value available
1999-03-07,.,No value available
1999-03-08,3.57,
1999-03-09,3.55,
1999-03-10,3.53,
1999-03-11,3.52,
1999-03-12,3.46,
1999-03-13,.,No value available
1999-03-14,.,No value available
1999-03-15,3.46,
1999-03-16,3.47,
1999-03-17,3.45,
1999-03-18,3.44,
1999-03-19,3.44,
1999-03-20,.,No value available
1999-03-21,.,No value available
1999-03-22,3.44,
1999-03-23,3.45,
1999-03-24,3.45,
1999-03-25,3.43,
1999-03-26,3.43,
1999-03-27,.,No value available
1999-03-28,.,No value available
1999-03-29,3.44,
1999-03-30,3.44,
1999-03-31,3.40,
1999-04-01,3.39,
1999-04-02,.,No value available
1999-04-03,.,No value available
1999-04-04,.,No value available
1999-04-05,.,No value available
1999-04-06,3.35,
1999-04-07,3.33,
1999-04-08,3.32,
1999-04-09,3.24,
1999-04-10,.,No value available
1999-04-11,.,No value available
1999-04-12,3.23,
1999-04-13,3.24,
1999-04-14,3.24,
1999-04-15,3.24,
1999-04-16,3.28,
1999-04-17,.,No value available
1999-04-18,.,No value available
1999-04-19,3.28,
1999-04-20,3.25,
1999-04-21,3.22,
1999-04-22,3.21,
1999-04-23,3.21,
1999-04-24,.,No value available
1999-04-25,.,No value available
1999-04-26,3.20,
1999-04-27,3.20,
1999-04-28,3.19,
1999-04-29,3.20,
1999-04-30,3.19,
1999-05-01,.,No value available
1999-05-02,.,No value available
1999-05-03,3.22,
1999-05-04,3.22,
1999-05-05,3.24,
1999-05-06,3.23,
1999-05-07,3.25,
1999-05-08,.,No value available
1999-05-09,.,No value available
1999-05-10,3.25,
1999-05-11,3.24,
1999-05-12,3.24,
1999-05-13,.,No value available
1999-05-14,3.22,
1999-05-15,.,No value available
1999-05-16,.,No value available
1999-05-17,3.29,
1999-05-18,3.29,
1999-05-19,3.30,
1999-05-20,3.29,
1999-05-21,3.30,
1999-05-22,.,No value available
1999-05-23,.,No value available
1999-05-24,.,No value available
1999-05-25,3.27,
1999-05-26,3.27,
1999-05-27,3.27,
1999-05-28,3.32,
1999-05-29,.,No value available
1999-05-30,.,No value available
1999-05-31,3.33,
1999-06-01,3.41,
1999-06-02,3.51,
1999-06-03,.,No value available
1999-06-04,3.53,
1999-06-05,.,No value available
1999-06-06,.,No value available
1999-06-07,3.57,
1999-06-08,3.51,
1999-06-09,3.52,
1999-06-10,3.54,
1999-06-11,3.68,
1999-06-12,.,No value available
1999-06-13,.,No value available
1999-06-14,3.68,
1999-06-15,3.66,
1999-06-16,3.66,
1999-06-17,3.65,
1999-06-18,3.62,
1999-06-19,.,No value available
1999-06-20,.,No value available
1999-06-21,3.61,
1999-06-22,3.69,
1999-06-23,3.74,
1999-06-24,3.80,
1999-06-25,3.93,
1999-06-26,.,No value available
1999-06-27,.,No value available
1999-06-28,3.95,
1999-06-29,3.93,
1999-06-30,3.91,
1999-07-01,3.83,
1999-07-02,3.94,
1999-07-03,.,No value available
1999-07-04,.,No value available
1999-07-05,3.93,
1999-07-06,3.97,
1999-07-07,3.98,
1999-07-08,4.05,
1999-07-09,4.06,
1999-07-10,.,No value available
1999-07-11,.,No value available
1999-07-12,4.11,
1999-07-13,4.06,
1999-07-14,4.02,
1999-07-15,3.98,
1999-07-16,4.17,
1999-07-17,.,No value available
1999-07-18,.,No value available
1999-07-19,4.18,
1999-07-20,4.16,
1999-07-21,4.10,
1999-07-22,4.04,
1999-07-23,4.08,
1999-07-24,.,No value available
1999-07-25,.,No value available
1999-07-26,4.08,
1999-07-27,4.06,
1999-07-28,4.08,
1999-07-29,4.09,
1999-07-30,4.15,
1999-07-31,.,No value available
1999-08-01,.,No value available
1999-08-02,4.33,
1999-08-03,4.44,
1999-08-04,4.40,
1999-08-05,4.42,
1999-08-06,4.50,
1999-08-07,.,No value available
1999-08-08,.,No value available
1999-08-09,4.58,
1999-08-10,4.58,
1999-08-11,4.52,
1999-08-12,4.44,
1999-08-13,4.43,
1999-08-14,.,No value available
1999-08-15,.,No value available
1999-08-16,4.38,
1999-08-17,4.39,
1999-08-18,4.28,
1999-08-19,4.27,
1999-08-20,4.25,
1999-08-21,.,No value available
1999-08-22,.,No value available
1999-08-23,4.22,
1999-08-24,4.24,
1999-08-25,4.23,
1999-08-26,4.21,
1999-08-27,4.26,
1999-08-28,.,No value available
1999-08-29,.,No value available
1999-08-30,4.30,
1999-08-31,4.34,
1999-09-01,4.38,
1999-09-02,4.41,
1999-09-03,4.46,
1999-09-04,.,No value available
1999-09-05,.,No value available
1999-09-06,4.37,
1999-09-07,4.39,
1999-09-08,4.49,
1999-09-09,4.49,
1999-09-10,4.50,
1999-09-11,.,No value available
1999-09-12,.,No value available
1999-09-13,4.51,
1999-09-14,4.51,
1999-09-15,4.55,
1999-09-16,4.55,
1999-09-17,4.49,
1999-09-18,.,No value available
1999-09-19,.,No value available
1999-09-20,4.44,
1999-09-21,4.49,
1999-09-22,4.49,
1999-09-23,4.49,
1999-09-24,4.41,
1999-09-25,.,No value available
1999-09-26,.,No value available
1999-09-27,4.39,
1999-09-28,4.49,
1999-09-29,4.50,
1999-09-30,4.52,
1999-10-01,4.56,
1999-10-02,.,No value available
1999-10-03,.,No value available
1999-10-04,4.70,
1999-10-05,4.70,
1999-10-06,4.72,
1999-10-07,4.72,
1999-10-08,4.71,
1999-10-09,.,No value available
1999-10-10,.,No value available
1999-10-11,4.74,
1999-10-12,4.76,
1999-10-13,4.82,
1999-10-14,4.87,
1999-10-15,4.97,
1999-10-16,.,No value available
1999-10-17,.,No value available
1999-10-18,4.93,
1999-10-19,4.95,
1999-10-20,4.98,
1999-10-21,4.98,
1999-10-22,4.95,
1999-10-23,.,No value available
1999-10-24,.,No value available
1999-10-25,4.95,
1999-10-26,4.97,
1999-10-27,4.98,
1999-10-28,4.92,
1999-10-29,4.82,
1999-10-30,.,No value available
1999-10-31,.,No value available
1999-11-01,4.84,
1999-11-02,4.83,
1999-11-03,4.79,
1999-11-04,4.78,
1999-11-05,4.74,
1999-11-06,.,No value available
1999-11-07,.,No value available
1999-11-08,4.67,
1999-11-09,4.58,
1999-11-10,4.62,
1999-11-11,4.63,
1999-11-12,4.57,
1999-11-13,.,No value available
1999-11-14,.,No value available
1999-11-15,4.53,
1999-11-16,4.54,
1999-11-17,4.56,
1999-11-18,4.66,
1999-11-19,4.67,
1999-11-20,.,No value available
1999-11-21,.,No value available
1999-11-22,4.71,
1999-11-23,4.72,
1999-11-24,4.74,
1999-11-25,4.78,
1999-11-26,4.84,
1999-11-27,.,No value available
1999-11-28,.,No value available
1999-11-29,4.85,
1999-11-30,4.86,
1999-12-01,4.79,
1999-12-02,4.79,
1999-12-03,4.86,
1999-12-04,.,No value available
1999-12-05,.,No value available
1999-12-06,4.79,
1999-12-07,4.70,
1999-12-08,4.69,
1999-12-09,4.72,
1999-12-10,4.70,
1999-12-11,.,No value available
1999-12-12,.,No value available
1999-12-13,4.67,
1999-12-14,4.70,
1999-12-15,4.75,
1999-12-16,4.76,
1999-12-17,4.88,
1999-12-18,.,No value available
1999-12-19,.,No value available
1999-12-20,4.91,
1999-12-21,4.90,
1999-12-22,4.90,
1999-12-23,4.88,
1999-12-24,.,No value available
1999-12-25,.,No value available
1999-12-26,.,No value available
1999-12-27,4.88,
1999-12-28,4.89,
1999-12-29,4.88,
1999-12-30,4.93,
1999-12-31,.,No value available
2000-01-01,.,No value available
2000-01-02,.,No value available
2000-01-03,5.01,
2000-01-04,5.13,
2000-01-05,5.10,
2000-01-06,5.11,
2000-01-07,5.10,
2000-01-08,.,No value available
2000-01-09,.,No value available
2000-01-10,4.99,
2000-01-11,5.00,
2000-01-12,5.09,
2000-01-13,5.09,
2000-01-14,5.06,
2000-01-15,.,No value available
2000-01-16,.,No value available
2000-01-17,5.08,
2000-01-18,5.10,
2000-01-19,5.14,
2000-01-20,5.13,
2000-01-21,5.10,
2000-01-22,.,No value available
2000-01-23,.,No value available
2000-01-24,5.13,
2000-01-25,5.09,
2000-01-26,5.09,
2000-01-27,5.12,
2000-01-28,5.20,
2000-01-29,.,No value available
2000-01-30,.,No value available
2000-01-31,5.20,
2000-02-01,5.20,
2000-02-02,5.12,
2000-02-03,5.12,
2000-02-04,5.10,
2000-02-05,.,No value available
2000-02-06,.,No value available
2000-02-07,5.19,
2000-02-08,5.19,
2000-02-09,5.18,
2000-02-10,5.20,
2000-02-11,5.25,
2000-02-12,.,No value available
2000-02-13,.,No value available
2000-02-14,5.25,
2000-02-15,5.21,
2000-02-16,5.23,
2000-02-17,5.21,
2000-02-18,5.26,
2000-02-19,.,No value available
2000-02-20,.,No value available
2000-02-21,5.25,
2000-02-22,5.23,
2000-02-23,5.15,
2000-02-24,5.15,
2000-02-25,5.10,
2000-02-26,.,No value available
2000-02-27,.,No value available
2000-02-28,5.15,
2000-02-29,5.16,
2000-03-01,5.17,
2000-03-02,5.17,
2000-03-03,5.18,
2000-03-04,.,No value available
2000-03-05,.,No value available
2000-03-06,5.19,
2000-03-07,5.16,
2000-03-08,5.16,
2000-03-09,5.15,
2000-03-10,5.12,
2000-03-11,.,No value available
2000-03-12,.,No value available
2000-03-13,5.13,
2000-03-14,5.14,
2000-03-15,5.14,
2000-03-16,5.14,
2000-03-17,5.10,
2000-03-18,.,No value available
2000-03-19,.,No value available
2000-03-20,5.07,
2000-03-21,5.06,
2000-03-22,5.05,
2000-03-23,5.04,
2000-03-24,5.05,
2000-03-25,.,No value available
2000-03-26,.,No value available
2000-03-27,5.11,
2000-03-28,5.11,
2000-03-29,5.10,
2000-03-30,5.11,
2000-03-31,5.06,
2000-04-01,.,No value available
2000-04-02,.,No value available
2000-04-03,5.07,
2000-04-04,5.06,
2000-04-05,5.01,
2000-04-06,5.03,
2000-04-07,5.06,
2000-04-08,.,No value available
2000-04-09,.,No value available
2000-04-10,5.04,
2000-04-11,5.01,
2000-04-12,5.07,
2000-04-13,5.07,
2000-04-14,5.08,
2000-04-15,.,No value available
2000-04-16,.,No value available
2000-04-17,5.06,
2000-04-18,5.09,
2000-04-19,5.10,
2000-04-20,5.12,
2000-04-21,.,No value available
2000-04-22,.,No value available
2000-04-23,.,No value available
2000-04-24,.,No value available
2000-04-25,5.17,
2000-04-26,5.21,
2000-04-27,5.19,
2000-04-28,5.23,
2000-04-29,.,No value available
2000-04-30,.,No value available
2000-05-01,.,No value available
2000-05-02,5.26,
2000-05-03,5.34,
2000-05-04,5.44,
2000-05-05,5.46,
2000-05-06,.,No value available
2000-05-07,.,No value available
2000-05-08,5.46,
2000-05-09,5.46,
2000-05-10,5.42,
2000-05-11,5.41,
2000-05-12,5.50,
2000-05-13,.,No value available
2000-05-14,.,No value available
2000-05-15,5.51,
2000-05-16,5.50,
2000-05-17,5.55,
2000-05-18,5.61,
2000-05-19,5.63,
2000-05-20,.,No value available
2000-05-21,.,No value available
2000-05-22,5.62,
2000-05-23,5.61,
2000-05-24,5.57,
2000-05-25,5.56,
2000-05-26,5.47,
2000-05-27,.,No value available
2000-05-28,.,No value available
2000-05-29,5.45,
2000-05-30,5.46,
2000-05-31,5.53,
2000-06-01,5.55,
2000-06-02,5.52,
2000-06-03,.,No value available
2000-06-04,.,No value available
2000-06-05,5.42,
2000-06-06,5.41,
2000-06-07,5.37,
2000-06-08,5.37,
2000-06-09,5.51,
2000-06-10,.,No value available
2000-06-11,.,No value available
2000-06-12,5.52,
2000-06-13,5.50,
2000-06-14,5.47,
2000-06-15,5.45,
2000-06-16,5.43,
2000-06-17,.,No value available
2000-06-18,.,No value available
2000-06-19,5.38,
2000-06-20,5.41,
2000-06-21,5.47,
2000-06-22,5.53,
2000-06-23,5.56,
2000-06-24,.,No value available
2000-06-25,.,No value available
2000-06-26,5.60,
2000-06-27,5.58,
2000-06-28,5.57,
2000-06-29,5.58,
2000-06-30,5.52,
2000-07-01,.,No value available
2000-07-02,.,No value available
2000-07-03,5.55,
2000-07-04,5.55,
2000-07-05,5.56,
2000-07-06,5.52,
2000-07-07,5.55,
2000-07-08,.,No value available
2000-07-09,.,No value available
2000-07-10,5.53,
2000-07-11,5.53,
2000-07-12,5.53,
2000-07-13,5.58,
2000-07-14,5.58,
2000-07-15,.,No value available
2000-07-16,.,No value available
2000-07-17,5.64,
2000-07-18,5.65,
2000-07-19,5.68,
2000-07-20,5.67,
2000-07-21,5.60,
2000-07-22,.,No value available
2000-07-23,.,No value available
2000-07-24,5.61,
2000-07-25,5.61,
2000-07-26,5.60,
2000-07-27,5.59,
2000-07-28,5.61,
2000-07-29,.,No value available
2000-07-30,.,No value available
2000-07-31,5.62,
2000-08-01,5.60,
2000-08-02,5.60,
2000-08-03,5.61,
2000-08-04,5.61,
2000-08-05,.,No value available
2000-08-06,.,No value available
2000-08-07,5.58,
2000-08-08,5.57,
2000-08-09,5.57,
2000-08-10,5.55,
2000-08-11,5.56,
2000-08-12,.,No value available
2000-08-13,.,No value available
2000-08-14,5.62,
2000-08-15,5.63,
2000-08-16,5.67,
2000-08-17,5.68,
2000-08-18,5.68,
2000-08-19,.,No value available
2000-08-20,.,No value available
2000-08-21,5.70,
2000-08-22,5.73,
2000-08-23,5.72,
2000-08-24,5.68,
2000-08-25,5.69,
2000-08-26,.,No value available
2000-08-27,.,No value available
2000-08-28,5.69,
2000-08-29,5.71,
2000-08-30,5.71,
2000-08-31,5.70,
2000-09-01,5.68,
2000-09-02,.,No value available
2000-09-03,.,No value available
2000-09-04,5.61,
2000-09-05,5.63,
2000-09-06,5.65,
2000-09-07,5.71,
2000-09-08,5.69,
2000-09-09,.,No value available
2000-09-10,.,No value available
2000-09-11,5.70,
2000-09-12,5.68,
2000-09-13,5.65,
2000-09-14,5.64,
2000-09-15,5.63,
2000-09-16,.,No value available
2000-09-17,.,No value available
2000-09-18,5.61,
2000-09-19,5.59,
2000-09-20,5.57,
2000-09-21,5.56,
2000-09-22,5.51,
2000-09-23,.,No value available
2000-09-24,.,No value available
2000-09-25,5.54,
2000-09-26,5.59,
2000-09-27,5.57,
2000-09-28,5.57,
2000-09-29,5.56,
2000-09-30,.,No value available
2000-10-01,.,No value available
2000-10-02,5.56,
2000-10-03,.,No value available
2000-10-04,5.54,
2000-10-05,5.55,
2000-10-06,5.54,
2000-10-07,.,No value available
2000-10-08,.,No value available
2000-10-09,5.54,
2000-10-10,5.53,
2000-10-11,5.51,
2000-10-12,5.52,
2000-10-13,5.47,
2000-10-14,.,No value available
2000-10-15,.,No value available
2000-10-16,5.50,
2000-10-17,5.51,
2000-10-18,5.50,
2000-10-19,5.52,
2000-10-20,5.53,
2000-10-21,.,No value available
2000-10-22,.,No value available
2000-10-23,5.53,
2000-10-24,5.55,
2000-10-25,5.55,
2000-10-26,5.57,
2000-10-27,5.56,
2000-10-28,.,No value available
2000-10-29,.,No value available
2000-10-30,5.54,
2000-10-31,5.54,
2000-11-01,5.54,
2000-11-02,5.51,
2000-11-03,5.51,
2000-11-04,.,No value available
2000-11-05,.,No value available
2000-11-06,5.51,
2000-11-07,5.51,
2000-11-08,5.52,
2000-11-09,5.52,
2000-11-10,5.49,
2000-11-11,.,No value available
2000-11-12,.,No value available
2000-11-13,5.48,
2000-11-14,5.46,
2000-11-15,5.46,
2000-11-16,5.44,
2000-11-17,5.43,
2000-11-18,.,No value available
2000-11-19,.,No value available
2000-11-20,5.44,
2000-11-21,5.44,
2000-11-22,5.44,
2000-11-23,5.43,
2000-11-24,5.43,
2000-11-25,.,No value available
2000-11-26,.,No value available
2000-11-27,5.44,
2000-11-28,5.43,
2000-11-29,5.39,
2000-11-30,5.33,
2000-12-01,5.31,
2000-12-02,.,No value available
2000-12-03,.,No value available
2000-12-04,5.29,
2000-12-05,5.27,
2000-12-06,5.18,
2000-12-07,5.09,
2000-12-08,5.12,
2000-12-09,.,No value available
2000-12-10,.,No value available
2000-12-11,5.16,
2000-12-12,5.17,
2000-12-13,5.15,
2000-12-14,5.08,
2000-12-15,5.06,
2000-12-16,.,No value available
2000-12-17,.,No value available
2000-12-18,5.02,
2000-12-19,5.01,
2000-12-20,4.98,
2000-12-21,4.95,
2000-12-22,4.96,
2000-12-23,.,No value available
2000-12-24,.,No value available
2000-12-25,.,No value available
2000-12-26,.,No value available
2000-12-27,4.96,
2000-12-28,4.96,
2000-12-29,4.95,
2000-12-30,.,No value available
2000-12-31,.,No value available
2001-01-01,.,No value available
2001-01-02,4.90,
2001-01-03,4.78,
2001-01-04,4.80,
2001-01-05,4.75,
2001-01-06,.,No value available
2001-01-07,.,No value available
2001-01-08,4.74,
2001-01-09,4.76,
2001-01-10,4.83,
2001-01-11,4.87,
2001-01-12,4.87,
2001-01-13,.,No value available
2001-01-14,.,No value available
2001-01-15,4.90,
2001-01-16,4.86,
2001-01-17,4.89,
2001-01-18,4.87,
2001-01-19,4.85,
2001-01-20,.,No value available
2001-01-21,.,No value available
2001-01-22,4.87,
2001-01-23,4.87,
2001-01-24,4.90,
2001-01-25,4.93,
2001-01-26,4.93,
2001-01-27,.,No value available
2001-01-28,.,No value available
2001-01-29,4.93,
2001-01-30,4.92,
2001-01-31,4.86,
2001-02-01,4.80,
2001-02-02,4.81,
2001-02-03,.,No value available
2001-02-04,.,No value available
2001-02-05,4.81,
2001-02-06,4.80,
2001-02-07,4.81,
2001-02-08,4.81,
2001-02-09,4.84,
2001-02-10,.,No value available
2001-02-11,.,No value available
2001-02-12,4.83,
2001-02-13,4.82,
2001-02-14,4.83,
2001-02-15,4.89,
2001-02-16,4.91,
2001-02-17,.,No value available
2001-02-18,.,No value available
2001-02-19,4.90,
2001-02-20,4.91,
2001-02-21,4.91,
2001-02-22,4.94,
2001-02-23,4.96,
2001-02-24,.,No value available
2001-02-25,.,No value available
2001-02-26,4.90,
2001-02-27,4.87,
2001-02-28,4.78,
2001-03-01,4.78,
2001-03-02,4.80,
2001-03-03,.,No value available
2001-03-04,.,No value available
2001-03-05,4.83,
2001-03-06,4.84,
2001-03-07,4.81,
2001-03-08,4.78,
2001-03-09,4.77,
2001-03-10,.,No value available
2001-03-11,.,No value available
2001-03-12,4.78,
2001-03-13,4.77,
2001-03-14,4.79,
2001-03-15,4.75,
2001-03-16,4.72,
2001-03-17,.,No value available
2001-03-18,.,No value available
2001-03-19,4.72,
2001-03-20,4.71,
2001-03-21,4.68,
2001-03-22,4.64,
2001-03-23,4.61,
2001-03-24,.,No value available
2001-03-25,.,No value available
2001-03-26,4.63,
2001-03-27,4.59,
2001-03-28,4.64,
2001-03-29,4.63,
2001-03-30,4.63,
2001-03-31,.,No value available
2001-04-01,.,No value available
2001-04-02,4.62,
2001-04-03,4.64,
2001-04-04,4.62,
2001-04-05,4.64,
2001-04-06,4.64,
2001-04-07,.,No value available
2001-04-08,.,No value available
2001-04-09,4.60,
2001-04-10,4.60,
2001-04-11,4.64,
2001-04-12,4.78,
2001-04-13,.,No value available
2001-04-14,.,No value available
2001-04-15,.,No value available
2001-04-16,.,No value available
2001-04-17,4.80,
2001-04-18,4.85,
2001-04-19,4.76,
2001-04-20,4.87,
2001-04-21,.,No value available
2001-04-22,.,No value available
2001-04-23,4.86,
2001-04-24,4.87,
2001-04-25,4.89,
2001-04-26,4.89,
2001-04-27,4.83,
2001-04-28,.,No value available
2001-04-29,.,No value available
2001-04-30,4.92,
2001-05-01,.,No value available
2001-05-02,4.99,
2001-05-03,5.00,
2001-05-04,4.95,
2001-05-05,.,No value available
2001-05-06,.,No value available
2001-05-07,4.93,
2001-05-08,4.88,
2001-05-09,4.87,
2001-05-10,4.85,
2001-05-11,4.75,
2001-05-12,.,No value available
2001-05-13,.,No value available
2001-05-14,4.82,
2001-05-15,4.84,
2001-05-16,4.84,
2001-05-17,4.84,
2001-05-18,4.83,
2001-05-19,.,No value available
2001-05-20,.,No value available
2001-05-21,4.87,
2001-05-22,4.84,
2001-05-23,4.89,
2001-05-24,4.88,
2001-05-25,4.89,
2001-05-26,.,No value available
2001-05-27,.,No value available
2001-05-28,4.88,
2001-05-29,4.86,
2001-05-30,4.85,
2001-05-31,4.88,
2001-06-01,4.87,
2001-06-02,.,No value available
2001-06-03,.,No value available
2001-06-04,4.86,
2001-06-05,4.81,
2001-06-06,4.75,
2001-06-07,4.75,
2001-06-08,4.77,
2001-06-09,.,No value available
2001-06-10,.,No value available
2001-06-11,4.76,
2001-06-12,4.76,
2001-06-13,4.79,
2001-06-14,4.79,
2001-06-15,4.75,
2001-06-16,.,No value available
2001-06-17,.,No value available
2001-06-18,4.75,
2001-06-19,4.74,
2001-06-20,4.72,
2001-06-21,4.72,
2001-06-22,4.71,
2001-06-23,.,No value available
2001-06-24,.,No value available
2001-06-25,4.67,
2001-06-26,4.66,
2001-06-27,4.69,
2001-06-28,4.67,
2001-06-29,4.73,
2001-06-30,.,No value available
2001-07-01,.,No value available
2001-07-02,4.78,
2001-07-03,4.78,
2001-07-04,4.86,
2001-07-05,4.85,
2001-07-06,4.85,
2001-07-07,.,No value available
2001-07-08,.,No value available
2001-07-09,4.83,
2001-07-10,4.83,
2001-07-11,4.81,
2001-07-12,4.81,
2001-07-13,4.80,
2001-07-14,.,No value available
2001-07-15,.,No value available
2001-07-16,4.80,
2001-07-17,4.79,
2001-07-18,4.78,
2001-07-19,4.74,
2001-07-20,4.73,
2001-07-21,.,No value available
2001-07-22,.,No value available
2001-07-23,4.72,
2001-07-24,4.70,
2001-07-25,4.70,
2001-07-26,4.72,
2001-07-27,4.69,
2001-07-28,.,No value available
2001-07-29,.,No value available
2001-07-30,4.65,
2001-07-31,4.64,
2001-08-01,4.63,
2001-08-02,4.65,
2001-08-03,4.66,
2001-08-04,.,No value available
2001-08-05,.,No value available
2001-08-06,4.64,
2001-08-07,4.63,
2001-08-08,4.65,
2001-08-09,4.60,
2001-08-10,4.58,
2001-08-11,.,No value available
2001-08-12,.,No value available
2001-08-13,4.56,
2001-08-14,4.56,
2001-08-15,4.56,
2001-08-16,4.54,
2001-08-17,4.52,
2001-08-18,.,No value available
2001-08-19,.,No value available
2001-08-20,4.49,
2001-08-21,4.50,
2001-08-22,4.51,
2001-08-23,4.54,
2001-08-24,4.55,
2001-08-25,.,No value available
2001-08-26,.,No value available
2001-08-27,4.56,
2001-08-28,4.55,
2001-08-29,4.50,
2001-08-30,4.48,
2001-08-31,4.42,
2001-09-01,.,No value available
2001-09-02,.,No value available
2001-09-03,4.44,
2001-09-04,4.45,
2001-09-05,4.54,
2001-09-06,4.56,
2001-09-07,4.51,
2001-09-08,.,No value available
2001-09-09,.,No value available
2001-09-10,4.43,
2001-09-11,4.46,
2001-09-12,4.39,
2001-09-13,4.37,
2001-09-14,4.36,
2001-09-15,.,No value available
2001-09-16,.,No value available
2001-09-17,4.33,
2001-09-18,4.27,
2001-09-19,4.28,
2001-09-20,4.25,
2001-09-21,4.25,
2001-09-22,.,No value available
2001-09-23,.,No value available
2001-09-24,4.28,
2001-09-25,4.24,
2001-09-26,4.23,
2001-09-27,4.20,
2001-09-28,4.19,
2001-09-29,.,No value available
2001-09-30,.,No value available
2001-10-01,4.20,
2001-10-02,4.20,
2001-10-03,4.16,
2001-10-04,4.11,
2001-10-05,4.08,
2001-10-06,.,No value available
2001-10-07,.,No value available
2001-10-08,4.06,
2001-10-09,4.11,
2001-10-10,4.12,
2001-10-11,4.10,
2001-10-12,4.15,
2001-10-13,.,No value available
2001-10-14,.,No value available
2001-10-15,4.12,
2001-10-16,4.08,
2001-10-17,4.09,
2001-10-18,4.08,
2001-10-19,4.05,
2001-10-20,.,No value available
2001-10-21,.,No value available
2001-10-22,4.06,
2001-10-23,4.06,
2001-10-24,4.05,
2001-10-25,4.00,
2001-10-26,3.96,
2001-10-27,.,No value available
2001-10-28,.,No value available
2001-10-29,3.93,
2001-10-30,3.87,
2001-10-31,3.84,
2001-11-01,3.82,
2001-11-02,3.80,
2001-11-03,.,No value available
2001-11-04,.,No value available
2001-11-05,3.80,
2001-11-06,3.74,
2001-11-07,3.69,
2001-11-08,3.65,
2001-11-09,3.73,
2001-11-10,.,No value available
2001-11-11,.,No value available
2001-11-12,3.77,
2001-11-13,3.80,
2001-11-14,3.85,
2001-11-15,3.99,
2001-11-16,4.10,
2001-11-17,.,No value available
2001-11-18,.,No value available
2001-11-19,4.13,
2001-11-20,4.05,
2001-11-21,4.09,
2001-11-22,4.18,
2001-11-23,4.16,
2001-11-24,.,No value available
2001-11-25,.,No value available
2001-11-26,4.17,
2001-11-27,4.20,
2001-11-28,4.22,
2001-11-29,4.22,
2001-11-30,4.11,
2001-12-01,.,No value available
2001-12-02,.,No value available
2001-12-03,4.10,
2001-12-04,4.11,
2001-12-05,4.11,
2001-12-06,4.30,
2001-12-07,4.34,
2001-12-08,.,No value available
2001-12-09,.,No value available
2001-12-10,4.37,
2001-12-11,4.33,
2001-12-12,4.32,
2001-12-13,4.26,
2001-12-14,4.31,
2001-12-15,.,No value available
2001-12-16,.,No value available
2001-12-17,4.37,
2001-12-18,4.38,
2001-12-19,4.33,
2001-12-20,4.31,
2001-12-21,4.32,
2001-12-22,.,No value available
2001-12-23,.,No value available
2001-12-24,.,No value available
2001-12-25,.,No value available
2001-12-26,.,No value available
2001-12-27,4.42,
2001-12-28,4.42,
2001-12-29,.,No value available
2001-12-30,.,No value available
2001-12-31,.,No value available
2002-01-01,.,No value available
2002-01-02,4.41,
2002-01-03,4.44,
2002-01-04,4.44,
2002-01-05,.,No value available
2002-01-06,.,No value available
2002-01-07,4.46,
2002-01-08,4.37,
2002-01-09,4.40,
2002-01-10,4.44,
2002-01-11,4.46,
2002-01-12,.,No value available
2002-01-13,.,No value available
2002-01-14,4.37,
2002-01-15,4.40,
2002-01-16,4.38,
2002-01-17,4.39,
2002-01-18,4.40,
2002-01-19,.,No value available
2002-01-20,.,No value available
2002-01-21,4.43,
2002-01-22,4.44,
2002-01-23,4.49,
2002-01-24,4.50,
2002-01-25,4.56,
2002-01-26,.,No value available
2002-01-27,.,No value available
2002-01-28,4.65,
2002-01-29,4.65,
2002-01-30,4.59,
2002-01-31,4.64,
2002-02-01,4.66,
2002-02-02,.,No value available
2002-02-03,.,No value available
2002-02-04,4.56,
2002-02-05,4.51,
2002-02-06,4.49,
2002-02-07,4.51,
2002-02-08,4.58,
2002-02-09,.,No value available
2002-02-10,.,No value available
2002-02-11,4.58,
2002-02-12,4.58,
2002-02-13,4.64,
2002-02-14,4.64,
2002-02-15,4.62,
2002-02-16,.,No value available
2002-02-17,.,No value available
2002-02-18,4.58,
2002-02-19,4.58,
2002-02-20,4.60,
2002-02-21,4.62,
2002-02-22,4.59,
2002-02-23,.,No value available
2002-02-24,.,No value available
2002-02-25,4.58,
2002-02-26,4.61,
2002-02-27,4.63,
2002-02-28,4.57,
2002-03-01,4.59,
2002-03-02,.,No value available
2002-03-03,.,No value available
2002-03-04,4.67,
2002-03-05,4.69,
2002-03-06,4.73,
2002-03-07,4.76,
2002-03-08,4.84,
2002-03-09,.,No value available
2002-03-10,.,No value available
2002-03-11,4.82,
2002-03-12,4.83,
2002-03-13,4.86,
2002-03-14,4.84,
2002-03-15,4.88,
2002-03-16,.,No value available
2002-03-17,.,No value available
2002-03-18,4.90,
2002-03-19,4.87,
2002-03-20,4.86,
2002-03-21,4.91,
2002-03-22,4.92,
2002-03-23,.,No value available
2002-03-24,.,No value available
2002-03-25,4.97,
2002-03-26,4.96,
2002-03-27,4.92,
2002-03-28,4.90,
2002-03-29,.,No value available
2002-03-30,.,No value available
2002-03-31,.,No value available
2002-04-01,.,No value available
2002-04-02,4.97,
2002-04-03,4.92,
2002-04-04,4.89,
2002-04-05,4.86,
2002-04-06,.,No value available
2002-04-07,.,No value available
2002-04-08,4.84,
2002-04-09,4.85,
2002-04-10,4.82,
2002-04-11,4.87,
2002-04-12,4.84,
2002-04-13,.,No value available
2002-04-14,.,No value available
2002-04-15,4.82,
2002-04-16,4.82,
2002-04-17,4.84,
2002-04-18,4.84,
2002-04-19,4.84,
2002-04-20,.,No value available
2002-04-21,.,No value available
2002-04-22,4.82,
2002-04-23,4.78,
2002-04-24,4.79,
2002-04-25,4.74,
2002-04-26,4.72,
2002-04-27,.,No value available
2002-04-28,.,No value available
2002-04-29,4.71,
2002-04-30,4.72,
2002-05-01,.,No value available
2002-05-02,4.72,
2002-05-03,4.79,
2002-05-04,.,No value available
2002-05-05,.,No value available
2002-05-06,4.74,
2002-05-07,4.72,
2002-05-08,4.76,
2002-05-09,4.79,
2002-05-10,4.83,
2002-05-11,.,No value available
2002-05-12,.,No value available
2002-05-13,4.85,
2002-05-14,4.89,
2002-05-15,4.93,
2002-05-16,4.92,
2002-05-17,4.91,
2002-05-18,.,No value available
2002-05-19,.,No value available
2002-05-20,4.91,
2002-05-21,4.88,
2002-05-22,4.83,
2002-05-23,4.83,
2002-05-24,4.82,
2002-05-25,.,No value available
2002-05-26,.,No value available
2002-05-27,4.84,
2002-05-28,4.87,
2002-05-29,4.84,
2002-05-30,4.81,
2002-05-31,4.77,
2002-06-01,.,No value available
2002-06-02,.,No value available
2002-06-03,4.85,
2002-06-04,4.80,
2002-06-05,4.79,
2002-06-06,4.80,
2002-06-07,4.74,
2002-06-08,.,No value available
2002-06-09,.,No value available
2002-06-10,4.78,
2002-06-11,4.77,
2002-06-12,4.72,
2002-06-13,4.73,
2002-06-14,4.64,
2002-06-15,.,No value available
2002-06-16,.,No value available
2002-06-17,4.65,
2002-06-18,4.63,
2002-06-19,4.62,
2002-06-20,4.62,
2002-06-21,4.64,
2002-06-22,.,No value available
2002-06-23,.,No value available
2002-06-24,4.62,
2002-06-25,4.62,
2002-06-26,4.52,
2002-06-27,4.60,
2002-06-28,4.57,
2002-06-29,.,No value available
2002-06-30,.,No value available
2002-07-01,4.58,
2002-07-02,4.55,
2002-07-03,4.55,
2002-07-04,4.58,
2002-07-05,4.61,
2002-07-06,.,No value available
2002-07-07,.,No value available
2002-07-08,4.60,
2002-07-09,4.60,
2002-07-10,4.54,
2002-07-11,4.49,
2002-07-12,4.51,
2002-07-13,.,No value available
2002-07-14,.,No value available
2002-07-15,4.44,
2002-07-16,4.40,
2002-07-17,4.48,
2002-07-18,4.48,
2002-07-19,4.43,
2002-07-20,.,No value available
2002-07-21,.,No value available
2002-07-22,4.39,
2002-07-23,4.41,
2002-07-24,4.34,
2002-07-25,4.33,
2002-07-26,4.29,
2002-07-27,.,No value available
2002-07-28,.,No value available
2002-07-29,4.33,
2002-07-30,4.36,
2002-07-31,4.35,
2002-08-01,4.27,
2002-08-02,4.22,
2002-08-03,.,No value available
2002-08-04,.,No value available
2002-08-05,4.10,
2002-08-06,4.10,
2002-08-07,4.16,
2002-08-08,4.13,
2002-08-09,4.14,
2002-08-10,.,No value available
2002-08-11,.,No value available
2002-08-12,4.12,
2002-08-13,4.09,
2002-08-14,4.05,
2002-08-15,4.15,
2002-08-16,4.22,
2002-08-17,.,No value available
2002-08-18,.,No value available
2002-08-19,4.21,
2002-08-20,4.20,
2002-08-21,4.19,
2002-08-22,4.24,
2002-08-23,4.23,
2002-08-24,.,No value available
2002-08-25,.,No value available
2002-08-26,4.22,
2002-08-27,4.21,
2002-08-28,4.16,
2002-08-29,4.10,
2002-08-30,4.08,
2002-08-31,.,No value available
2002-09-01,.,No value available
2002-09-02,4.06,
2002-09-03,4.02,
2002-09-04,3.96,
2002-09-05,3.91,
2002-09-06,3.87,
2002-09-07,.,No value available
2002-09-08,.,No value available
2002-09-09,3.95,
2002-09-10,3.98,
2002-09-11,4.02,
2002-09-12,4.00,
2002-09-13,3.91,
2002-09-14,.,No value available
2002-09-15,.,No value available
2002-09-16,3.92,
2002-09-17,3.94,
2002-09-18,3.84,
2002-09-19,3.84,
2002-09-20,3.85,
2002-09-21,.,No value available
2002-09-22,.,No value available
2002-09-23,3.82,
2002-09-24,3.78,
2002-09-25,3.79,
2002-09-26,3.82,
2002-09-27,3.82,
2002-09-28,.,No value available
2002-09-29,.,No value available
2002-09-30,3.75,
2002-10-01,3.74,
2002-10-02,3.82,
2002-10-03,3.80,
2002-10-04,3.80,
2002-10-05,.,No value available
2002-10-06,.,No value available
2002-10-07,3.76,
2002-10-08,3.77,
2002-10-09,3.76,
2002-10-10,3.75,
2002-10-11,3.88,
2002-10-12,.,No value available
2002-10-13,.,No value available
2002-10-14,3.93,
2002-10-15,3.98,
2002-10-16,4.02,
2002-10-17,4.13,
2002-10-18,4.04,
2002-10-19,.,No value available
2002-10-20,.,No value available
2002-10-21,4.00,
2002-10-22,4.04,
2002-10-23,4.02,
2002-10-24,4.02,
2002-10-25,4.02,
2002-10-26,.,No value available
2002-10-27,.,No value available
2002-10-28,3.97,
2002-10-29,3.95,
2002-10-30,3.89,
2002-10-31,3.90,
2002-11-01,3.86,
2002-11-02,.,No value available
2002-11-03,.,No value available
2002-11-04,3.92,
2002-11-05,3.92,
2002-11-06,4.00,
2002-11-07,3.94,
2002-11-08,3.89,
2002-11-09,.,No value available
2002-11-10,.,No value available
2002-11-11,3.83,
2002-11-12,3.83,
2002-11-13,3.79,
2002-11-14,3.77,
2002-11-15,3.84,
2002-11-16,.,No value available
2002-11-17,.,No value available
2002-11-18,3.84,
2002-11-19,3.82,
2002-11-20,3.79,
2002-11-21,3.81,
2002-11-22,3.82,
2002-11-23,.,No value available
2002-11-24,.,No value available
2002-11-25,3.87,
2002-11-26,3.86,
2002-11-27,3.80,
2002-11-28,3.86,
2002-11-29,3.84,
2002-11-30,.,No value available
2002-12-01,.,No value available
2002-12-02,3.88,
2002-12-03,3.84,
2002-12-04,3.84,
2002-12-05,3.83,
2002-12-06,3.79,
2002-12-07,.,No value available
2002-12-08,.,No value available
2002-12-09,3.75,
2002-12-10,3.71,
2002-12-11,3.71,
2002-12-12,3.64,
2002-12-13,3.60,
2002-12-14,.,No value available
2002-12-15,.,No value available
2002-12-16,3.62,
2002-12-17,3.61,
2002-12-18,3.56,
2002-12-19,3.55,
2002-12-20,3.54,
2002-12-21,.,No value available
2002-12-22,.,No value available
2002-12-23,3.54,
2002-12-24,.,No value available
2002-12-25,.,No value available
2002-12-26,.,No value available
2002-12-27,3.50,
2002-12-28,.,No value available
2002-12-29,.,No value available
2002-12-30,3.49,
2002-12-31,.,No value available
2003-01-01,.,No value available
2003-01-02,3.48,
2003-01-03,3.56,
2003-01-04,.,No value available
2003-01-05,.,No value available
2003-01-06,3.55,
2003-01-07,3.50,
2003-01-08,3.45,
2003-01-09,3.41,
2003-01-10,3.44,
2003-01-11,.,No value available
2003-01-12,.,No value available
2003-01-13,3.45,
2003-01-14,3.44,
2003-01-15,3.44,
2003-01-16,3.41,
2003-01-17,3.40,
2003-01-18,.,No value available
2003-01-19,.,No value available
2003-01-20,3.34,
2003-01-21,3.33,
2003-01-22,3.31,
2003-01-23,3.32,
2003-01-24,3.29,
2003-01-25,.,No value available
2003-01-26,.,No value available
2003-01-27,3.28,
2003-01-28,3.32,
2003-01-29,3.27,
2003-01-30,3.32,
2003-01-31,3.28,
2003-02-01,.,No value available
2003-02-02,.,No value available
2003-02-03,3.33,
2003-02-04,3.29,
2003-02-05,3.25,
2003-02-06,3.27,
2003-02-07,3.23,
2003-02-08,.,No value available
2003-02-09,.,No value available
2003-02-10,3.19,
2003-02-11,3.21,
2003-02-12,3.15,
2003-02-13,3.10,
2003-02-14,3.10,
2003-02-15,.,No value available
2003-02-16,.,No value available
2003-02-17,3.13,
2003-02-18,3.12,
2003-02-19,3.12,
2003-02-20,3.05,
2003-02-21,3.05,
2003-02-22,.,No value available
2003-02-23,.,No value available
2003-02-24,3.01,
2003-02-25,2.97,
2003-02-26,2.99,
2003-02-27,2.99,
2003-02-28,3.04,
2003-03-01,.,No value available
2003-03-02,.,No value available
2003-03-03,3.04,
2003-03-04,3.00,
2003-03-05,3.00,
2003-03-06,3.03,
2003-03-07,2.98,
2003-03-08,.,No value available
2003-03-09,.,No value available
2003-03-10,2.93,
2003-03-11,2.94,
2003-03-12,2.98,
2003-03-13,3.07,
2003-03-14,3.21,
2003-03-15,.,No value available
2003-03-16,.,No value available
2003-03-17,3.18,
2003-03-18,3.38,
2003-03-19,3.41,
2003-03-20,3.44,
2003-03-21,3.43,
2003-03-22,.,No value available
2003-03-23,.,No value available
2003-03-24,3.44,
2003-03-25,3.37,
2003-03-26,3.40,
2003-03-27,3.35,
2003-03-28,3.32,
2003-03-29,.,No value available
2003-03-30,.,No value available
2003-03-31,3.22,
2003-04-01,3.20,
2003-04-02,3.28,
2003-04-03,3.32,
2003-04-04,3.32,
2003-04-05,.,No value available
2003-04-06,.,No value available
2003-04-07,3.41,
2003-04-08,3.38,
2003-04-09,3.31,
2003-04-10,3.27,
2003-04-11,3.32,
2003-04-12,.,No value available
2003-04-13,.,No value available
2003-04-14,3.40,
2003-04-15,3.42,
2003-04-16,3.40,
2003-04-17,3.34,
2003-04-18,.,No value available
2003-04-19,.,No value available
2003-04-20,.,No value available
2003-04-21,.,No value available
2003-04-22,3.31,
2003-04-23,3.32,
2003-04-24,3.27,
2003-04-25,3.26,
2003-04-26,.,No value available
2003-04-27,.,No value available
2003-04-28,3.19,
2003-04-29,3.25,
2003-04-30,3.23,
2003-05-01,.,No value available
2003-05-02,3.17,
2003-05-03,.,No value available
2003-05-04,.,No value available
2003-05-05,3.20,
2003-05-06,3.17,
2003-05-07,3.09,
2003-05-08,3.02,
2003-05-09,3.04,
2003-05-10,.,No value available
2003-05-11,.,No value available
2003-05-12,3.00,
2003-05-13,3.02,
2003-05-14,3.00,
2003-05-15,2.94,
2003-05-16,2.93,
2003-05-17,.,No value available
2003-05-18,.,No value available
2003-05-19,2.87,
2003-05-20,2.87,
2003-05-21,2.82,
2003-05-22,2.85,
2003-05-23,2.82,
2003-05-24,.,No value available
2003-05-25,.,No value available
2003-05-26,2.79,
2003-05-27,2.74,
2003-05-28,2.82,
2003-05-29,2.83,
2003-05-30,2.76,
2003-05-31,.,No value available
2003-06-01,.,No value available
2003-06-02,2.85,
2003-06-03,2.81,
2003-06-04,2.73,
2003-06-05,2.78,
2003-06-06,2.70,
2003-06-07,.,No value available
2003-06-08,.,No value available
2003-06-09,2.70,
2003-06-10,2.67,
2003-06-11,2.59,
2003-06-12,2.58,
2003-06-13,2.55,
2003-06-14,.,No value available
2003-06-15,.,No value available
2003-06-16,2.53,
2003-06-17,2.60,
2003-06-18,2.72,
2003-06-19,2.74,
2003-06-20,2.70,
2003-06-21,.,No value available
2003-06-22,.,No value available
2003-06-23,2.74,
2003-06-24,2.73,
2003-06-25,2.70,
2003-06-26,2.80,
2003-06-27,2.89,
2003-06-28,.,No value available
2003-06-29,.,No value available
2003-06-30,2.89,
2003-07-01,2.86,
2003-07-02,2.89,
2003-07-03,2.92,
2003-07-04,2.90,
2003-07-05,.,No value available
2003-07-06,.,No value available
2003-07-07,2.92,
2003-07-08,2.96,
2003-07-09,2.90,
2003-07-10,2.89,
2003-07-11,2.88,
2003-07-12,.,No value available
2003-07-13,.,No value available
2003-07-14,2.84,
2003-07-15,2.89,
2003-07-16,3.07,
2003-07-17,3.04,
2003-07-18,3.05,
2003-07-19,.,No value available
2003-07-20,.,No value available
2003-07-21,3.08,
2003-07-22,3.13,
2003-07-23,3.10,
2003-07-24,3.04,
2003-07-25,3.08,
2003-07-26,.,No value available
2003-07-27,.,No value available
2003-07-28,3.11,
2003-07-29,3.15,
2003-07-30,3.19,
2003-07-31,3.14,
2003-08-01,3.39,
2003-08-02,.,No value available
2003-08-03,.,No value available
2003-08-04,3.41,
2003-08-05,3.39,
2003-08-06,3.40,
2003-08-07,3.35,
2003-08-08,3.28,
2003-08-09,.,No value available
2003-08-10,.,No value available
2003-08-11,3.27,
2003-08-12,3.27,
2003-08-13,3.30,
2003-08-14,3.39,
2003-08-15,3.39,
2003-08-16,.,No value available
2003-08-17,.,No value available
2003-08-18,3.41,
2003-08-19,3.42,
2003-08-20,3.35,
2003-08-21,3.42,
2003-08-22,3.42,
2003-08-23,.,No value available
2003-08-24,.,No value available
2003-08-25,3.40,
2003-08-26,3.43,
2003-08-27,3.41,
2003-08-28,3.44,
2003-08-29,3.40,
2003-08-30,.,No value available
2003-08-31,.,No value available
2003-09-01,3.45,
2003-09-02,3.57,
2003-09-03,3.62,
2003-09-04,3.61,
2003-09-05,3.56,
2003-09-06,.,No value available
2003-09-07,.,No value available
2003-09-08,3.47,
2003-09-09,3.47,
2003-09-10,3.47,
2003-09-11,3.40,
2003-09-12,3.44,
2003-09-13,.,No value available
2003-09-14,.,No value available
2003-09-15,3.36,
2003-09-16,3.36,
2003-09-17,3.36,
2003-09-18,3.32,
2003-09-19,3.30,
2003-09-20,.,No value available
2003-09-21,.,No value available
2003-09-22,3.24,
2003-09-23,3.23,
2003-09-24,3.25,
2003-09-25,3.19,
2003-09-26,3.18,
2003-09-27,.,No value available
2003-09-28,.,No value available
2003-09-29,3.16,
2003-09-30,3.12,
2003-10-01,3.15,
2003-10-02,3.20,
2003-10-03,3.23,
2003-10-04,.,No value available
2003-10-05,.,No value available
2003-10-06,3.39,
2003-10-07,3.36,
2003-10-08,3.38,
2003-10-09,3.36,
2003-10-10,3.41,
2003-10-11,.,No value available
2003-10-12,.,No value available
2003-10-13,3.42,
2003-10-14,3.46,
2003-10-15,3.49,
2003-10-16,3.52,
2003-10-17,3.59,
2003-10-18,.,No value available
2003-10-19,.,No value available
2003-10-20,3.57,
2003-10-21,3.54,
2003-10-22,3.50,
2003-10-23,3.45,
2003-10-24,3.51,
2003-10-25,.,No value available
2003-10-26,.,No value available
2003-10-27,3.51,
2003-10-28,3.52,
2003-10-29,3.49,
2003-10-30,3.53,
2003-10-31,3.55,
2003-11-01,.,No value available
2003-11-02,.,No value available
2003-11-03,3.59,
2003-11-04,3.61,
2003-11-05,3.60,
2003-11-06,3.63,
2003-11-07,3.68,
2003-11-08,.,No value available
2003-11-09,.,No value available
2003-11-10,3.69,
2003-11-11,3.68,
2003-11-12,3.71,
2003-11-13,3.69,
2003-11-14,3.59,
2003-11-15,.,No value available
2003-11-16,.,No value available
2003-11-17,3.51,
2003-11-18,3.53,
2003-11-19,3.47,
2003-11-20,3.51,
2003-11-21,3.50,
2003-11-22,.,No value available
2003-11-23,.,No value available
2003-11-24,3.53,
2003-11-25,3.59,
2003-11-26,3.58,
2003-11-27,3.63,
2003-11-28,3.65,
2003-11-29,.,No value available
2003-11-30,.,No value available
2003-12-01,3.71,
2003-12-02,3.74,
2003-12-03,3.71,
2003-12-04,3.70,
2003-12-05,3.66,
2003-12-06,.,No value available
2003-12-07,.,No value available
2003-12-08,3.56,
2003-12-09,3.56,
2003-12-10,3.59,
2003-12-11,3.58,
2003-12-12,3.52,
2003-12-13,.,No value available
2003-12-14,.,No value available
2003-12-15,3.51,
2003-12-16,3.45,
2003-12-17,3.45,
2003-12-18,3.41,
2003-12-19,3.42,
2003-12-20,.,No value available
2003-12-21,.,No value available
2003-12-22,3.41,
2003-12-23,3.43,
2003-12-24,.,No value available
2003-12-25,.,No value available
2003-12-26,.,No value available
2003-12-27,.,No value available
2003-12-28,.,No value available
2003-12-29,3.38,
2003-12-30,3.44,
2003-12-31,.,No value available
2004-01-01,.,No value available
2004-01-02,3.43,
2004-01-03,.,No value available
2004-01-04,.,No value available
2004-01-05,3.48,
2004-01-06,3.44,
2004-01-07,3.42,
2004-01-08,3.39,
2004-01-09,3.35,
2004-01-10,.,No value available
2004-01-11,.,No value available
2004-01-12,3.23,
2004-01-13,3.26,
2004-01-14,3.26,
2004-01-15,3.27,
2004-01-16,3.24,
2004-01-17,.,No value available
2004-01-18,.,No value available
2004-01-19,3.31,
2004-01-20,3.28,
2004-01-21,3.26,
2004-01-22,3.24,
2004-01-23,3.21,
2004-01-24,.,No value available
2004-01-25,.,No value available
2004-01-26,3.24,
2004-01-27,3.28,
2004-01-28,3.25,
2004-01-29,3.33,
2004-01-30,3.37,
2004-01-31,.,No value available
2004-02-01,.,No value available
2004-02-02,3.35,
2004-02-03,3.30,
2004-02-04,3.28,
2004-02-05,3.29,
2004-02-06,3.31,
2004-02-07,.,No value available
2004-02-08,.,No value available
2004-02-09,3.23,
2004-02-10,3.21,
2004-02-11,3.25,
2004-02-12,3.19,
2004-02-13,3.17,
2004-02-14,.,No value available
2004-02-15,.,No value available
2004-02-16,3.18,
2004-02-17,3.15,
2004-02-18,3.11,
2004-02-19,3.16,
2004-02-20,3.17,
2004-02-21,.,No value available
2004-02-22,.,No value available
2004-02-23,3.20,
2004-02-24,3.17,
2004-02-25,3.13,
2004-02-26,3.09,
2004-02-27,3.06,
2004-02-28,.,No value available
2004-02-29,.,No value available
2004-03-01,3.08,
2004-03-02,3.10,
2004-03-03,3.17,
2004-03-04,3.16,
2004-03-05,3.15,
2004-03-06,.,No value available
2004-03-07,.,No value available
2004-03-08,2.99,
2004-03-09,2.97,
2004-03-10,2.97,
2004-03-11,2.95,
2004-03-12,2.93,
2004-03-13,.,No value available
2004-03-14,.,No value available
2004-03-15,2.93,
2004-03-16,2.93,
2004-03-17,2.93,
2004-03-18,2.91,
2004-03-19,2.92,
2004-03-20,.,No value available
2004-03-21,.,No value available
2004-03-22,2.91,
2004-03-23,2.90,
2004-03-24,2.88,
2004-03-25,2.85,
2004-03-26,2.84,
2004-03-27,.,No value available
2004-03-28,.,No value available
2004-03-29,2.86,
2004-03-30,2.87,
2004-03-31,2.90,
2004-04-01,2.88,
2004-04-02,2.91,
2004-04-03,.,No value available
2004-04-04,.,No value available
2004-04-05,3.15,
2004-04-06,3.14,
2004-04-07,3.10,
2004-04-08,3.10,
2004-04-09,.,No value available
2004-04-10,.,No value available
2004-04-11,.,No value available
2004-04-12,.,No value available
2004-04-13,3.14,
2004-04-14,3.17,
2004-04-15,3.19,
2004-04-16,3.17,
2004-04-17,.,No value available
2004-04-18,.,No value available
2004-04-19,3.15,
2004-04-20,3.18,
2004-04-21,3.23,
2004-04-22,3.21,
2004-04-23,3.17,
2004-04-24,.,No value available
2004-04-25,.,No value available
2004-04-26,3.26,
2004-04-27,3.23,
2004-04-28,3.24,
2004-04-29,3.30,
2004-04-30,3.29,
2004-05-01,.,No value available
2004-05-02,.,No value available
2004-05-03,3.26,
2004-05-04,3.24,
2004-05-05,3.22,
2004-05-06,3.25,
2004-05-07,3.32,
2004-05-08,.,No value available
2004-05-09,.,No value available
2004-05-10,3.40,
2004-05-11,3.41,
2004-05-12,3.38,
2004-05-13,3.44,
2004-05-14,3.47,
2004-05-15,.,No value available
2004-05-16,.,No value available
2004-05-17,3.38,
2004-05-18,3.37,
2004-05-19,3.41,
2004-05-20,3.41,
2004-05-21,3.37,
2004-05-22,.,No value available
2004-05-23,.,No value available
2004-05-24,3.43,
2004-05-25,3.40,
2004-05-26,3.39,
2004-05-27,3.35,
2004-05-28,3.33,
2004-05-29,.,No value available
2004-05-30,.,No value available
2004-05-31,3.36,
2004-06-01,3.39,
2004-06-02,3.43,
2004-06-03,3.46,
2004-06-04,3.46,
2004-06-05,.,No value available
2004-06-06,.,No value available
2004-06-07,3.48,
2004-06-08,3.46,
2004-06-09,3.45,
2004-06-10,3.51,
2004-06-11,3.56,
2004-06-12,.,No value available
2004-06-13,.,No value available
2004-06-14,3.60,
2004-06-15,3.59,
2004-06-16,3.49,
2004-06-17,3.55,
2004-06-18,3.51,
2004-06-19,.,No value available
2004-06-20,.,No value available
2004-06-21,3.52,
2004-06-22,3.50,
2004-06-23,3.51,
2004-06-24,3.47,
2004-06-25,3.44,
2004-06-26,.,No value available
2004-06-27,.,No value available
2004-06-28,3.44,
2004-06-29,3.50,
2004-06-30,3.49,
2004-07-01,3.45,
2004-07-02,3.43,
2004-07-03,.,No value available
2004-07-04,.,No value available
2004-07-05,3.37,
2004-07-06,3.35,
2004-07-07,3.36,
2004-07-08,3.34,
2004-07-09,3.33,
2004-07-10,.,No value available
2004-07-11,.,No value available
2004-07-12,3.32,
2004-07-13,3.35,
2004-07-14,3.35,
2004-07-15,3.36,
2004-07-16,3.36,
2004-07-17,.,No value available
2004-07-18,.,No value available
2004-07-19,3.30,
2004-07-20,3.29,
2004-07-21,3.36,
2004-07-22,3.37,
2004-07-23,3.37,
2004-07-24,.,No value available
2004-07-25,.,No value available
2004-07-26,3.37,
2004-07-27,3.40,
2004-07-28,3.43,
2004-07-29,3.41,
2004-07-30,3.39,
2004-07-31,.,No value available
2004-08-01,.,No value available
2004-08-02,3.30,
2004-08-03,3.32,
2004-08-04,3.29,
2004-08-05,3.28,
2004-08-06,3.25,
2004-08-07,.,No value available
2004-08-08,.,No value available
2004-08-09,3.16,
2004-08-10,3.17,
2004-08-11,3.18,
2004-08-12,3.17,
2004-08-13,3.14,
2004-08-14,.,No value available
2004-08-15,.,No value available
2004-08-16,3.13,
2004-08-17,3.16,
2004-08-18,3.13,
2004-08-19,3.15,
2004-08-20,3.13,
2004-08-21,.,No value available
2004-08-22,.,No value available
2004-08-23,3.15,
2004-08-24,3.19,
2004-08-25,3.19,
2004-08-26,3.17,
2004-08-27,3.13,
2004-08-28,.,No value available
2004-08-29,.,No value available
2004-08-30,3.15,
2004-08-31,3.14,
2004-09-01,3.16,
2004-09-02,3.16,
2004-09-03,3.23,
2004-09-04,.,No value available
2004-09-05,.,No value available
2004-09-06,3.32,
2004-09-07,3.31,
2004-09-08,3.34,
2004-09-09,3.27,
2004-09-10,3.26,
2004-09-11,.,No value available
2004-09-12,.,No value available
2004-09-13,3.27,
2004-09-14,3.24,
2004-09-15,3.23,
2004-09-16,3.26,
2004-09-17,3.20,
2004-09-18,.,No value available
2004-09-19,.,No value available
2004-09-20,3.20,
2004-09-21,3.21,
2004-09-22,3.20,
2004-09-23,3.15,
2004-09-24,3.15,
2004-09-25,.,No value available
2004-09-26,.,No value available
2004-09-27,3.16,
2004-09-28,3.14,
2004-09-29,3.16,
2004-09-30,3.17,
2004-10-01,3.17,
2004-10-02,.,No value available
2004-10-03,.,No value available
2004-10-04,3.20,
2004-10-05,3.19,
2004-10-06,3.18,
2004-10-07,3.19,
2004-10-08,3.15,
2004-10-09,.,No value available
2004-10-10,.,No value available
2004-10-11,3.10,
2004-10-12,3.07,
2004-10-13,3.08,
2004-10-14,3.05,
2004-10-15,3.02,
2004-10-16,.,No value available
2004-10-17,.,No value available
2004-10-18,3.02,
2004-10-19,3.02,
2004-10-20,2.99,
2004-10-21,2.97,
2004-10-22,3.00,
2004-10-23,.,No value available
2004-10-24,.,No value available
2004-10-25,2.96,
2004-10-26,2.96,
2004-10-27,2.97,
2004-10-28,3.02,
2004-10-29,3.01,
2004-10-30,.,No value available
2004-10-31,.,No value available
2004-11-01,3.01,
2004-11-02,3.03,
2004-11-03,3.05,
2004-11-04,3.01,
2004-11-05,3.00,
2004-11-06,.,No value available
2004-11-07,.,No value available
2004-11-08,3.06,
2004-11-09,3.05,
2004-11-10,3.01,
2004-11-11,2.98,
2004-11-12,2.94,
2004-11-13,.,No value available
2004-11-14,.,No value available
2004-11-15,2.92,
2004-11-16,2.92,
2004-11-17,2.94,
2004-11-18,2.93,
2004-11-19,2.96,
2004-11-20,.,No value available
2004-11-21,.,No value available
2004-11-22,2.95,
2004-11-23,2.95,
2004-11-24,2.91,
2004-11-25,2.89,
2004-11-26,2.88,
2004-11-27,.,No value available
2004-11-28,.,No value available
2004-11-29,2.89,
2004-11-30,2.92,
2004-12-01,2.91,
2004-12-02,2.89,
2004-12-03,2.98,
2004-12-04,.,No value available
2004-12-05,.,No value available
2004-12-06,2.86,
2004-12-07,2.84,
2004-12-08,2.85,
2004-12-09,2.82,
2004-12-10,2.82,
2004-12-11,.,No value available
2004-12-12,.,No value available
2004-12-13,2.81,
2004-12-14,2.81,
2004-12-15,2.79,
2004-12-16,2.79,
2004-12-17,2.86,
2004-12-18,.,No value available
2004-12-19,.,No value available
2004-12-20,2.86,
2004-12-21,2.86,
2004-12-22,2.92,
2004-12-23,2.91,
2004-12-24,.,No value available
2004-12-25,.,No value available
2004-12-26,.,No value available
2004-12-27,2.88,
2004-12-28,2.90,
2004-12-29,2.97,
2004-12-30,3.00,
2004-12-31,.,No value available
2005-01-01,.,No value available
2005-01-02,.,No value available
2005-01-03,2.95,
2005-01-04,2.96,
2005-01-05,3.00,
2005-01-06,2.97,
2005-01-07,2.90,
2005-01-08,.,No value available
2005-01-09,.,No value available
2005-01-10,2.91,
2005-01-11,2.89,
2005-01-12,2.92,
2005-01-13,2.92,
2005-01-14,2.86,
2005-01-15,.,No value available
2005-01-16,.,No value available
2005-01-17,2.85,
2005-01-18,2.86,
2005-01-19,2.83,
2005-01-20,2.87,
2005-01-21,2.88,
2005-01-22,.,No value available
2005-01-23,.,No value available
2005-01-24,2.84,
2005-01-25,2.84,
2005-01-26,2.88,
2005-01-27,2.91,
2005-01-28,2.89,
2005-01-29,.,No value available
2005-01-30,.,No value available
2005-01-31,2.86,
2005-02-01,2.87,
2005-02-02,2.86,
2005-02-03,2.92,
2005-02-04,2.92,
2005-02-05,.,No value available
2005-02-06,.,No value available
2005-02-07,2.89,
2005-02-08,2.90,
2005-02-09,2.86,
2005-02-10,2.85,
2005-02-11,2.84,
2005-02-12,.,No value available
2005-02-13,.,No value available
2005-02-14,2.86,
2005-02-15,2.88,
2005-02-16,2.89,
2005-02-17,2.93,
2005-02-18,2.93,
2005-02-19,.,No value available
2005-02-20,.,No value available
2005-02-21,3.00,
2005-02-22,2.99,
2005-02-23,3.00,
2005-02-24,2.99,
2005-02-25,3.01,
2005-02-26,.,No value available
2005-02-27,.,No value available
2005-02-28,2.98,
2005-03-01,3.01,
2005-03-02,3.01,
2005-03-03,3.01,
2005-03-04,2.99,
2005-03-05,.,No value available
2005-03-06,.,No value available
2005-03-07,2.92,
2005-03-08,2.93,
2005-03-09,2.93,
2005-03-10,2.97,
2005-03-11,2.96,
2005-03-12,.,No value available
2005-03-13,.,No value available
2005-03-14,2.97,
2005-03-15,2.95,
2005-03-16,2.95,
2005-03-17,2.96,
2005-03-18,2.98,
2005-03-19,.,No value available
2005-03-20,.,No value available
2005-03-21,3.01,
2005-03-22,3.00,
2005-03-23,3.04,
2005-03-24,3.02,
2005-03-25,.,No value available
2005-03-26,.,No value available
2005-03-27,.,No value available
2005-03-28,.,No value available
2005-03-29,3.03,
2005-03-30,3.00,
2005-03-31,2.95,
2005-04-01,2.93,
2005-04-02,.,No value available
2005-04-03,.,No value available
2005-04-04,2.91,
2005-04-05,2.91,
2005-04-06,2.90,
2005-04-07,2.89,
2005-04-08,2.87,
2005-04-09,.,No value available
2005-04-10,.,No value available
2005-04-11,2.84,
2005-04-12,2.84,
2005-04-13,2.84,
2005-04-14,2.83,
2005-04-15,2.78,
2005-04-16,.,No value available
2005-04-17,.,No value available
2005-04-18,2.75,
2005-04-19,2.78,
2005-04-20,2.75,
2005-04-21,2.75,
2005-04-22,2.76,
2005-04-23,.,No value available
2005-04-24,.,No value available
2005-04-25,2.74,
2005-04-26,2.73,
2005-04-27,2.74,
2005-04-28,2.71,
2005-04-29,2.70,
2005-04-30,.,No value available
2005-05-01,.,No value available
2005-05-02,2.70,
2005-05-03,2.69,
2005-05-04,2.68,
2005-05-05,2.68,
2005-05-06,2.67,
2005-05-07,.,No value available
2005-05-08,.,No value available
2005-05-09,2.72,
2005-05-10,2.69,
2005-05-11,2.65,
2005-05-12,2.66,
2005-05-13,2.66,
2005-05-14,.,No value available
2005-05-15,.,No value available
2005-05-16,2.66,
2005-05-17,2.66,
2005-05-18,2.66,
2005-05-19,2.65,
2005-05-20,2.68,
2005-05-21,.,No value available
2005-05-22,.,No value available
2005-05-23,2.71,
2005-05-24,2.64,
2005-05-25,2.60,
2005-05-26,2.60,
2005-05-27,2.59,
2005-05-28,.,No value available
2005-05-29,.,No value available
2005-05-30,2.60,
2005-05-31,2.58,
2005-06-01,2.59,
2005-06-02,2.56,
2005-06-03,2.53,
2005-06-04,.,No value available
2005-06-05,.,No value available
2005-06-06,2.53,
2005-06-07,2.50,
2005-06-08,2.45,
2005-06-09,2.46,
2005-06-10,2.47,
2005-06-11,.,No value available
2005-06-12,.,No value available
2005-06-13,2.46,
2005-06-14,2.50,
2005-06-15,2.53,
2005-06-16,2.62,
2005-06-17,2.59,
2005-06-18,.,No value available
2005-06-19,.,No value available
2005-06-20,2.60,
2005-06-21,2.51,
2005-06-22,2.44,
2005-06-23,2.43,
2005-06-24,2.42,
2005-06-25,.,No value available
2005-06-26,.,No value available
2005-06-27,2.43,
2005-06-28,2.43,
2005-06-29,2.46,
2005-06-30,2.44,
2005-07-01,2.45,
2005-07-02,.,No value available
2005-07-03,.,No value available
2005-07-04,2.52,
2005-07-05,2.54,
2005-07-06,2.55,
2005-07-07,2.48,
2005-07-08,2.52,
2005-07-09,.,No value available
2005-07-10,.,No value available
2005-07-11,2.53,
2005-07-12,2.56,
2005-07-13,2.59,
2005-07-14,2.59,
2005-07-15,2.61,
2005-07-16,.,No value available
2005-07-17,.,No value available
2005-07-18,2.59,
2005-07-19,2.62,
2005-07-20,2.61,
2005-07-21,2.58,
2005-07-22,2.58,
2005-07-23,.,No value available
2005-07-24,.,No value available
2005-07-25,2.57,
2005-07-26,2.57,
2005-07-27,2.56,
2005-07-28,2.59,
2005-07-29,2.58,
2005-07-30,.,No value available
2005-07-31,.,No value available
2005-08-01,2.64,
2005-08-02,2.65,
2005-08-03,2.69,
2005-08-04,2.67,
2005-08-05,2.68,
2005-08-06,.,No value available
2005-08-07,.,No value available
2005-08-08,2.71,
2005-08-09,2.72,
2005-08-10,2.71,
2005-08-11,2.72,
2005-08-12,2.66,
2005-08-13,.,No value available
2005-08-14,.,No value available
2005-08-15,2.63,
2005-08-16,2.63,
2005-08-17,2.58,
2005-08-18,2.56,
2005-08-19,2.54,
2005-08-20,.,No value available
2005-08-21,.,No value available
2005-08-22,2.56,
2005-08-23,2.56,
2005-08-24,2.57,
2005-08-25,2.55,
2005-08-26,2.55,
2005-08-27,.,No value available
2005-08-28,.,No value available
2005-08-29,2.55,
2005-08-30,2.60,
2005-08-31,2.55,
2005-09-01,2.53,
2005-09-02,2.45,
2005-09-03,.,No value available
2005-09-04,.,No value available
2005-09-05,2.46,
2005-09-06,2.49,
2005-09-07,2.49,
2005-09-08,2.50,
2005-09-09,2.49,
2005-09-10,.,No value available
2005-09-11,.,No value available
2005-09-12,2.51,
2005-09-13,2.56,
2005-09-14,2.53,
2005-09-15,2.55,
2005-09-16,2.57,
2005-09-17,.,No value available
2005-09-18,.,No value available
2005-09-19,2.56,
2005-09-20,2.55,
2005-09-21,2.54,
2005-09-22,2.50,
2005-09-23,2.52,
2005-09-24,.,No value available
2005-09-25,.,No value available
2005-09-26,2.61,
2005-09-27,2.62,
2005-09-28,2.64,
2005-09-29,2.64,
2005-09-30,2.67,
2005-10-01,.,No value available
2005-10-02,.,No value available
2005-10-03,2.70,
2005-10-04,2.71,
2005-10-05,2.70,
2005-10-06,2.71,
2005-10-07,2.75,
2005-10-08,.,No value available
2005-10-09,.,No value available
2005-10-10,2.73,
2005-10-11,2.75,
2005-10-12,2.76,
2005-10-13,2.78,
2005-10-14,2.80,
2005-10-15,.,No value available
2005-10-16,.,No value available
2005-10-17,2.81,
2005-10-18,2.82,
2005-10-19,2.79,
2005-10-20,2.81,
2005-10-21,2.81,
2005-10-22,.,No value available
2005-10-23,.,No value available
2005-10-24,2.80,
2005-10-25,2.82,
2005-10-26,2.94,
2005-10-27,2.97,
2005-10-28,2.98,
2005-10-29,.,No value available
2005-10-30,.,No value available
2005-10-31,2.98,
2005-11-01,2.99,
2005-11-02,3.03,
2005-11-03,3.06,
2005-11-04,3.07,
2005-11-05,.,No value available
2005-11-06,.,No value available
2005-11-07,3.11,
2005-11-08,3.13,
2005-11-09,3.10,
2005-11-10,3.15,
2005-11-11,3.12,
2005-11-12,.,No value available
2005-11-13,.,No value available
2005-11-14,3.11,
2005-11-15,3.14,
2005-11-16,3.11,
2005-11-17,3.08,
2005-11-18,3.10,
2005-11-19,.,No value available
2005-11-20,.,No value available
2005-11-21,3.20,
2005-11-22,3.14,
2005-11-23,3.12,
2005-11-24,3.10,
2005-11-25,3.06,
2005-11-26,.,No value available
2005-11-27,.,No value available
2005-11-28,3.10,
2005-11-29,3.08,
2005-11-30,3.12,
2005-12-01,3.10,
2005-12-02,3.07,
2005-12-03,.,No value available
2005-12-04,.,No value available
2005-12-05,3.08,
2005-12-06,3.06,
2005-12-07,3.05,
2005-12-08,3.05,
2005-12-09,3.08,
2005-12-10,.,No value available
2005-12-11,.,No value available
2005-12-12,3.14,
2005-12-13,3.14,
2005-12-14,3.11,
2005-12-15,3.12,
2005-12-16,3.13,
2005-12-17,.,No value available
2005-12-18,.,No value available
2005-12-19,3.11,
2005-12-20,3.14,
2005-12-21,3.15,
2005-12-22,3.19,
2005-12-23,3.17,
2005-12-24,.,No value available
2005-12-25,.,No value available
2005-12-26,.,No value available
2005-12-27,3.16,
2005-12-28,3.17,
2005-12-29,3.16,
2005-12-30,3.15,
2005-12-31,.,No value available
2006-01-01,.,No value available
2006-01-02,3.20,
2006-01-03,3.21,
2006-01-04,3.15,
2006-01-05,3.10,
2006-01-06,3.08,
2006-01-07,.,No value available
2006-01-08,.,No value available
2006-01-09,3.08,
2006-01-10,3.11,
2006-01-11,3.14,
2006-01-12,3.15,
2006-01-13,3.12,
2006-01-14,.,No value available
2006-01-15,.,No value available
2006-01-16,3.13,
2006-01-17,3.10,
2006-01-18,3.08,
2006-01-19,3.16,
2006-01-20,3.17,
2006-01-21,.,No value available
2006-01-22,.,No value available
2006-01-23,3.18,
2006-01-24,3.20,
2006-01-25,3.20,
2006-01-26,3.24,
2006-01-27,3.25,
2006-01-28,.,No value available
2006-01-29,.,No value available
2006-01-30,3.28,
2006-01-31,3.28,
2006-02-01,3.29,
2006-02-02,3.32,
2006-02-03,3.31,
2006-02-04,.,No value available
2006-02-05,.,No value available
2006-02-06,3.29,
2006-02-07,3.30,
2006-02-08,3.28,
2006-02-09,3.31,
2006-02-10,3.27,
2006-02-11,.,No value available
2006-02-12,.,No value available
2006-02-13,3.29,
2006-02-14,3.27,
2006-02-15,3.26,
2006-02-16,3.29,
2006-02-17,3.27,
2006-02-18,.,No value available
2006-02-19,.,No value available
2006-02-20,3.24,
2006-02-21,3.24,
2006-02-22,3.27,
2006-02-23,3.28,
2006-02-24,3.31,
2006-02-25,.,No value available
2006-02-26,.,No value available
2006-02-27,3.35,
2006-02-28,3.36,
2006-03-01,3.36,
2006-03-02,3.34,
2006-03-03,3.41,
2006-03-04,.,No value available
2006-03-05,.,No value available
2006-03-06,3.45,
2006-03-07,3.47,
2006-03-08,3.46,
2006-03-09,3.48,
2006-03-10,3.48,
2006-03-11,.,No value available
2006-03-12,.,No value available
2006-03-13,3.52,
2006-03-14,3.52,
2006-03-15,3.49,
2006-03-16,3.54,
2006-03-17,3.51,
2006-03-18,.,No value available
2006-03-19,.,No value available
2006-03-20,3.54,
2006-03-21,3.53,
2006-03-22,3.53,
2006-03-23,3.50,
2006-03-24,3.53,
2006-03-25,.,No value available
2006-03-26,.,No value available
2006-03-27,3.49,
2006-03-28,3.52,
2006-03-29,3.60,
2006-03-30,3.61,
2006-03-31,3.63,
2006-04-01,.,No value available
2006-04-02,.,No value available
2006-04-03,3.70,
2006-04-04,3.71,
2006-04-05,3.70,
2006-04-06,3.72,
2006-04-07,3.66,
2006-04-08,.,No value available
2006-04-09,.,No value available
2006-04-10,3.69,
2006-04-11,3.70,
2006-04-12,3.68,
2006-04-13,3.72,
2006-04-14,.,No value available
2006-04-15,.,No value available
2006-04-16,.,No value available
2006-04-17,.,No value available
2006-04-18,3.73,
2006-04-19,3.70,
2006-04-20,3.73,
2006-04-21,3.72,
2006-04-22,.,No value available
2006-04-23,.,No value available
2006-04-24,3.71,
2006-04-25,3.77,
2006-04-26,3.81,
2006-04-27,3.83,
2006-04-28,3.80,
2006-04-29,.,No value available
2006-04-30,.,No value available
2006-05-01,.,No value available
2006-05-02,3.82,
2006-05-03,3.83,
2006-05-04,3.83,
2006-05-05,3.85,
2006-05-06,.,No value available
2006-05-07,.,No value available
2006-05-08,3.81,
2006-05-09,3.85,
2006-05-10,3.85,
2006-05-11,3.85,
2006-05-12,3.84,
2006-05-13,.,No value available
2006-05-14,.,No value available
2006-05-15,3.82,
2006-05-16,3.78,
2006-05-17,3.76,
2006-05-18,3.77,
2006-05-19,3.76,
2006-05-20,.,No value available
2006-05-21,.,No value available
2006-05-22,3.69,
2006-05-23,3.69,
2006-05-24,3.67,
2006-05-25,3.66,
2006-05-26,3.68,
2006-05-27,.,No value available
2006-05-28,.,No value available
2006-05-29,3.69,
2006-05-30,3.70,
2006-05-31,3.74,
2006-06-01,3.79,
2006-06-02,3.80,
2006-06-03,.,No value available
2006-06-04,.,No value available
2006-06-05,3.77,
2006-06-06,3.80,
2006-06-07,3.82,
2006-06-08,3.79,
2006-06-09,3.74,
2006-06-10,.,No value available
2006-06-11,.,No value available
2006-06-12,3.73,
2006-06-13,3.67,
2006-06-14,3.70,
2006-06-15,3.73,
2006-06-16,3.75,
2006-06-17,.,No value available
2006-06-18,.,No value available
2006-06-19,3.79,
2006-06-20,3.78,
2006-06-21,3.84,
2006-06-22,3.85,
2006-06-23,3.87,
2006-06-24,.,No value available
2006-06-25,.,No value available
2006-06-26,3.90,
2006-06-27,3.94,
2006-06-28,3.94,
2006-06-29,3.94,
2006-06-30,3.92,
2006-07-01,.,No value available
2006-07-02,.,No value available
2006-07-03,3.94,
2006-07-04,3.93,
2006-07-05,3.97,
2006-07-06,3.96,
2006-07-07,3.97,
2006-07-08,.,No value available
2006-07-09,.,No value available
2006-07-10,3.96,
2006-07-11,3.94,
2006-07-12,3.96,
2006-07-13,3.93,
2006-07-14,3.86,
2006-07-15,.,No value available
2006-07-16,.,No value available
2006-07-17,3.86,
2006-07-18,3.87,
2006-07-19,3.91,
2006-07-20,3.87,
2006-07-21,3.86,
2006-07-22,.,No value available
2006-07-23,.,No value available
2006-07-24,3.86,
2006-07-25,3.83,
2006-07-26,3.87,
2006-07-27,3.83,
2006-07-28,3.85,
2006-07-29,.,No value available
2006-07-30,.,No value available
2006-07-31,3.84,
2006-08-01,3.83,
2006-08-02,3.80,
2006-08-03,3.81,
2006-08-04,3.89,
2006-08-05,.,No value available
2006-08-06,.,No value available
2006-08-07,3.84,
2006-08-08,3.83,
2006-08-09,3.84,
2006-08-10,3.83,
2006-08-11,3.88,
2006-08-12,.,No value available
2006-08-13,.,No value available
2006-08-14,3.92,
2006-08-15,3.92,
2006-08-16,3.91,
2006-08-17,3.84,
2006-08-18,3.86,
2006-08-19,.,No value available
2006-08-20,.,No value available
2006-08-21,3.82,
2006-08-22,3.79,
2006-08-23,3.77,
2006-08-24,3.78,
2006-08-25,3.74,
2006-08-26,.,No value available
2006-08-27,.,No value available
2006-08-28,3.74,
2006-08-29,3.77,
2006-08-30,3.76,
2006-08-31,3.74,
2006-09-01,3.74,
2006-09-02,.,No value available
2006-09-03,.,No value available
2006-09-04,3.74,
2006-09-05,3.74,
2006-09-06,3.81,
2006-09-07,3.82,
2006-09-08,3.79,
2006-09-09,.,No value available
2006-09-10,.,No value available
2006-09-11,3.81,
2006-09-12,3.85,
2006-09-13,3.82,
2006-09-14,3.83,
2006-09-15,3.84,
2006-09-16,.,No value available
2006-09-17,.,No value available
2006-09-18,3.86,
2006-09-19,3.87,
2006-09-20,3.83,
2006-09-21,3.85,
2006-09-22,3.76,
2006-09-23,.,No value available
2006-09-24,.,No value available
2006-09-25,3.70,
2006-09-26,3.70,
2006-09-27,3.74,
2006-09-28,3.74,
2006-09-29,3.74,
2006-09-30,.,No value available
2006-10-01,.,No value available
2006-10-02,3.79,
2006-10-03,3.77,
2006-10-04,3.79,
2006-10-05,3.77,
2006-10-06,3.74,
2006-10-07,.,No value available
2006-10-08,.,No value available
2006-10-09,3.81,
2006-10-10,3.83,
2006-10-11,3.84,
2006-10-12,3.87,
2006-10-13,3.85,
2006-10-14,.,No value available
2006-10-15,.,No value available
2006-10-16,3.87,
2006-10-17,3.85,
2006-10-18,3.86,
2006-10-19,3.86,
2006-10-20,3.87,
2006-10-21,.,No value available
2006-10-22,.,No value available
2006-10-23,3.92,
2006-10-24,3.92,
2006-10-25,3.94,
2006-10-26,3.93,
2006-10-27,3.92,
2006-10-28,.,No value available
2006-10-29,.,No value available
2006-10-30,3.89,
2006-10-31,3.87,
2006-11-01,3.82,
2006-11-02,3.82,
2006-11-03,3.83,
2006-11-04,.,No value available
2006-11-05,.,No value available
2006-11-06,3.89,
2006-11-07,3.87,
2006-11-08,3.86,
2006-11-09,3.90,
2006-11-10,3.86,
2006-11-11,.,No value available
2006-11-12,.,No value available
2006-11-13,3.83,
2006-11-14,3.86,
2006-11-15,3.84,
2006-11-16,3.87,
2006-11-17,3.89,
2006-11-18,.,No value available
2006-11-19,.,No value available
2006-11-20,3.84,
2006-11-21,3.83,
2006-11-22,3.83,
2006-11-23,3.87,
2006-11-24,3.84,
2006-11-25,.,No value available
2006-11-26,.,No value available
2006-11-27,3.84,
2006-11-28,3.84,
2006-11-29,3.83,
2006-11-30,3.85,
2006-12-01,3.82,
2006-12-02,.,No value available
2006-12-03,.,No value available
2006-12-04,3.78,
2006-12-05,3.79,
2006-12-06,3.81,
2006-12-07,3.82,
2006-12-08,3.87,
2006-12-09,.,No value available
2006-12-10,.,No value available
2006-12-11,3.88,
2006-12-12,3.91,
2006-12-13,3.89,
2006-12-14,3.94,
2006-12-15,3.95,
2006-12-16,.,No value available
2006-12-17,.,No value available
2006-12-18,3.96,
2006-12-19,3.99,
2006-12-20,4.00,
2006-12-21,4.02,
2006-12-22,4.02,
2006-12-23,.,No value available
2006-12-24,.,No value available
2006-12-25,.,No value available
2006-12-26,.,No value available
2006-12-27,4.05,
2006-12-28,4.06,
2006-12-29,4.07,
2006-12-30,.,No value available
2006-12-31,.,No value available
2007-01-01,.,No value available
2007-01-02,4.06,
2007-01-03,4.06,
2007-01-04,4.03,
2007-01-05,4.04,
2007-01-06,.,No value available
2007-01-07,.,No value available
2007-01-08,4.09,
2007-01-09,4.08,
2007-01-10,4.11,
2007-01-11,4.10,
2007-01-12,4.11,
2007-01-13,.,No value available
2007-01-14,.,No value available
2007-01-15,4.12,
2007-01-16,4.11,
2007-01-17,4.11,
2007-01-18,4.15,
2007-01-19,4.13,
2007-01-20,.,No value available
2007-01-21,.,No value available
2007-01-22,4.14,
2007-01-23,4.11,
2007-01-24,4.13,
2007-01-25,4.12,
2007-01-26,4.16,
2007-01-27,.,No value available
2007-01-28,.,No value available
2007-01-29,4.18,
2007-01-30,4.17,
2007-01-31,4.16,
2007-02-01,4.15,
2007-02-02,4.15,
2007-02-03,.,No value available
2007-02-04,.,No value available
2007-02-05,4.08,
2007-02-06,4.08,
2007-02-07,4.09,
2007-02-08,4.09,
2007-02-09,4.12,
2007-02-10,.,No value available
2007-02-11,.,No value available
2007-02-12,4.15,
2007-02-13,4.15,
2007-02-14,4.16,
2007-02-15,4.13,
2007-02-16,4.11,
2007-02-17,.,No value available
2007-02-18,.,No value available
2007-02-19,4.14,
2007-02-20,4.16,
2007-02-21,4.12,
2007-02-22,4.14,
2007-02-23,4.14,
2007-02-24,.,No value available
2007-02-25,.,No value available
2007-02-26,4.11,
2007-02-27,4.07,
2007-02-28,4.04,
2007-03-01,4.06,
2007-03-02,4.04,
2007-03-03,.,No value available
2007-03-04,.,No value available
2007-03-05,3.97,
2007-03-06,4.01,
2007-03-07,4.02,
2007-03-08,4.04,
2007-03-09,4.04,
2007-03-10,.,No value available
2007-03-11,.,No value available
2007-03-12,4.08,
2007-03-13,4.05,
2007-03-14,4.02,
2007-03-15,4.04,
2007-03-16,4.04,
2007-03-17,.,No value available
2007-03-18,.,No value available
2007-03-19,4.08,
2007-03-20,4.08,
2007-03-21,4.07,
2007-03-22,4.06,
2007-03-23,4.09,
2007-03-24,.,No value available
2007-03-25,.,No value available
2007-03-26,4.13,
2007-03-27,4.13,
2007-03-28,4.13,
2007-03-29,4.15,
2007-03-30,4.17,
2007-03-31,.,No value available
2007-04-01,.,No value available
2007-04-02,4.17,
2007-04-03,4.19,
2007-04-04,4.19,
2007-04-05,4.19,
2007-04-06,.,No value available
2007-04-07,.,No value available
2007-04-08,.,No value available
2007-04-09,.,No value available
2007-04-10,4.22,
2007-04-11,4.24,
2007-04-12,4.25,
2007-04-13,4.28,
2007-04-14,.,No value available
2007-04-15,.,No value available
2007-04-16,4.30,
2007-04-17,4.30,
2007-04-18,4.27,
2007-04-19,4.25,
2007-04-20,4.29,
2007-04-21,.,No value available
2007-04-22,.,No value available
2007-04-23,4.28,
2007-04-24,4.27,
2007-04-25,4.28,
2007-04-26,4.31,
2007-04-27,4.32,
2007-04-28,.,No value available
2007-04-29,.,No value available
2007-04-30,4.31,
2007-05-01,.,No value available
2007-05-02,4.31,
2007-05-03,4.34,
2007-05-04,4.33,
2007-05-05,.,No value available
2007-05-06,.,No value available
2007-05-07,4.34,
2007-05-08,4.34,
2007-05-09,4.34,
2007-05-10,4.35,
2007-05-11,4.30,
2007-05-12,.,No value available
2007-05-13,.,No value available
2007-05-14,4.36,
2007-05-15,4.38,
2007-05-16,4.40,
2007-05-17,4.42,
2007-05-18,4.45,
2007-05-19,.,No value available
2007-05-20,.,No value available
2007-05-21,4.45,
2007-05-22,4.45,
2007-05-23,4.49,
2007-05-24,4.48,
2007-05-25,4.48,
2007-05-26,.,No value available
2007-05-27,.,No value available
2007-05-28,.,No value available
2007-05-29,4.52,
2007-05-30,4.53,
2007-05-31,4.54,
2007-06-01,4.58,
2007-06-02,.,No value available
2007-06-03,.,No value available
2007-06-04,4.60,
2007-06-05,4.61,
2007-06-06,4.61,
2007-06-07,4.61,
2007-06-08,4.66,
2007-06-09,.,No value available
2007-06-10,.,No value available
2007-06-11,4.65,
2007-06-12,4.66,
2007-06-13,4.74,
2007-06-14,4.73,
2007-06-15,4.74,
2007-06-16,.,No value available
2007-06-17,.,No value available
2007-06-18,4.73,
2007-06-19,4.71,
2007-06-20,4.68,
2007-06-21,4.73,
2007-06-22,4.72,
2007-06-23,.,No value available
2007-06-24,.,No value available
2007-06-25,4.69,
2007-06-26,4.67,
2007-06-27,4.64,
2007-06-28,4.69,
2007-06-29,4.68,
2007-06-30,.,No value available
2007-07-01,.,No value available
2007-07-02,4.67,
2007-07-03,4.66,
2007-07-04,4.72,
2007-07-05,4.74,
2007-07-06,4.77,
2007-07-07,.,No value available
2007-07-08,.,No value available
2007-07-09,4.78,
2007-07-10,4.78,
2007-07-11,4.70,
2007-07-12,4.75,
2007-07-13,4.78,
2007-07-14,.,No value available
2007-07-15,.,No value available
2007-07-16,4.77,
2007-07-17,4.72,
2007-07-18,4.75,
2007-07-19,4.75,
2007-07-20,4.73,
2007-07-21,.,No value available
2007-07-22,.,No value available
2007-07-23,4.65,
2007-07-24,4.66,
2007-07-25,4.63,
2007-07-26,4.63,
2007-07-27,4.60,
2007-07-28,.,No value available
2007-07-29,.,No value available
2007-07-30,4.60,
2007-07-31,4.60,
2007-08-01,4.58,
2007-08-02,4.61,
2007-08-03,4.60,
2007-08-04,.,No value available
2007-08-05,.,No value available
2007-08-06,4.58,
2007-08-07,4.59,
2007-08-08,4.62,
2007-08-09,4.60,
2007-08-10,4.54,
2007-08-11,.,No value available
2007-08-12,.,No value available
2007-08-13,4.55,
2007-08-14,4.56,
2007-08-15,4.52,
2007-08-16,4.50,
2007-08-17,4.47,
2007-08-18,.,No value available
2007-08-19,.,No value available
2007-08-20,4.48,
2007-08-21,4.44,
2007-08-22,4.46,
2007-08-23,4.53,
2007-08-24,4.49,
2007-08-25,.,No value available
2007-08-26,.,No value available
2007-08-27,4.53,
2007-08-28,4.48,
2007-08-29,4.44,
2007-08-30,4.47,
2007-08-31,4.50,
2007-09-01,.,No value available
2007-09-02,.,No value available
2007-09-03,4.48,
2007-09-04,4.48,
2007-09-05,4.50,
2007-09-06,4.46,
2007-09-07,4.45,
2007-09-08,.,No value available
2007-09-09,.,No value available
2007-09-10,4.36,
2007-09-11,4.33,
2007-09-12,4.34,
2007-09-13,4.37,
2007-09-14,4.38,
2007-09-15,.,No value available
2007-09-16,.,No value available
2007-09-17,4.37,
2007-09-18,4.39,
2007-09-19,4.43,
2007-09-20,4.45,
2007-09-21,4.49,
2007-09-22,.,No value available
2007-09-23,.,No value available
2007-09-24,4.49,
2007-09-25,4.46,
2007-09-26,4.47,
2007-09-27,4.51,
2007-09-28,4.50,
2007-09-29,.,No value available
2007-09-30,.,No value available
2007-10-01,4.47,
2007-10-02,4.48,
2007-10-03,4.45,
2007-10-04,4.47,
2007-10-05,4.42,
2007-10-06,.,No value available
2007-10-07,.,No value available
2007-10-08,4.48,
2007-10-09,4.47,
2007-10-10,4.48,
2007-10-11,4.50,
2007-10-12,4.49,
2007-10-13,.,No value available
2007-10-14,.,No value available
2007-10-15,4.58,
2007-10-16,4.56,
2007-10-17,4.56,
2007-10-18,4.53,
2007-10-19,4.46,
2007-10-20,.,No value available
2007-10-21,.,No value available
2007-10-22,4.40,
2007-10-23,4.39,
2007-10-24,4.36,
2007-10-25,4.36,
2007-10-26,4.36,
2007-10-27,.,No value available
2007-10-28,.,No value available
2007-10-29,4.37,
2007-10-30,4.39,
2007-10-31,4.41,
2007-11-01,4.50,
2007-11-02,4.41,
2007-11-03,.,No value available
2007-11-04,.,No value available
2007-11-05,4.39,
2007-11-06,4.41,
2007-11-07,4.38,
2007-11-08,4.35,
2007-11-09,4.33,
2007-11-10,.,No value available
2007-11-11,.,No value available
2007-11-12,4.30,
2007-11-13,4.30,
2007-11-14,4.34,
2007-11-15,4.34,
2007-11-16,4.30,
2007-11-17,.,No value available
2007-11-18,.,No value available
2007-11-19,4.31,
2007-11-20,4.27,
2007-11-21,4.27,
2007-11-22,4.28,
2007-11-23,4.27,
2007-11-24,.,No value available
2007-11-25,.,No value available
2007-11-26,4.31,
2007-11-27,4.27,
2007-11-28,4.32,
2007-11-29,4.34,
2007-11-30,4.34,
2007-12-01,.,No value available
2007-12-02,.,No value available
2007-12-03,4.35,
2007-12-04,4.31,
2007-12-05,4.31,
2007-12-06,4.30,
2007-12-07,4.35,
2007-12-08,.,No value available
2007-12-09,.,No value available
2007-12-10,4.42,
2007-12-11,4.46,
2007-12-12,4.46,
2007-12-13,4.49,
2007-12-14,4.52,
2007-12-15,.,No value available
2007-12-16,.,No value available
2007-12-17,4.53,
2007-12-18,4.53,
2007-12-19,4.50,
2007-12-20,4.52,
2007-12-21,4.49,
2007-12-22,.,No value available
2007-12-23,.,No value available
2007-12-24,.,No value available
2007-12-25,.,No value available
2007-12-26,.,No value available
2007-12-27,4.53,
2007-12-28,4.53,
2007-12-29,.,No value available
2007-12-30,.,No value available
2007-12-31,.,No value available
2008-01-01,.,No value available
2008-01-02,4.51,
2008-01-03,4.36,
2008-01-04,4.34,
2008-01-05,.,No value available
2008-01-06,.,No value available
2008-01-07,4.32,
2008-01-08,4.31,
2008-01-09,4.30,
2008-01-10,4.28,
2008-01-11,4.27,
2008-01-12,.,No value available
2008-01-13,.,No value available
2008-01-14,4.16,
2008-01-15,4.16,
2008-01-16,4.09,
2008-01-17,4.04,
2008-01-18,3.98,
2008-01-19,.,No value available
2008-01-20,.,No value available
2008-01-21,3.93,
2008-01-22,3.84,
2008-01-23,3.87,
2008-01-24,3.95,
2008-01-25,4.06,
2008-01-26,.,No value available
2008-01-27,.,No value available
2008-01-28,3.98,
2008-01-29,4.01,
2008-01-30,4.02,
2008-01-31,3.97,
2008-02-01,3.95,
2008-02-02,.,No value available
2008-02-03,.,No value available
2008-02-04,3.96,
2008-02-05,3.94,
2008-02-06,3.86,
2008-02-07,3.86,
2008-02-08,3.80,
2008-02-09,.,No value available
2008-02-10,.,No value available
2008-02-11,3.79,
2008-02-12,3.80,
2008-02-13,3.83,
2008-02-14,3.87,
2008-02-15,3.90,
2008-02-16,.,No value available
2008-02-17,.,No value available
2008-02-18,3.90,
2008-02-19,3.89,
2008-02-20,3.95,
2008-02-21,3.99,
2008-02-22,3.94,
2008-02-23,.,No value available
2008-02-24,.,No value available
2008-02-25,4.00,
2008-02-26,3.98,
2008-02-27,3.96,
2008-02-28,3.96,
2008-02-29,3.83,
2008-03-01,.,No value available
2008-03-02,.,No value available
2008-03-03,3.81,
2008-03-04,3.83,
2008-03-05,3.85,
2008-03-06,3.88,
2008-03-07,3.91,
2008-03-08,.,No value available
2008-03-09,.,No value available
2008-03-10,3.86,
2008-03-11,3.86,
2008-03-12,3.95,
2008-03-13,3.89,
2008-03-14,3.99,
2008-03-15,.,No value available
2008-03-16,.,No value available
2008-03-17,3.87,
2008-03-18,3.91,
2008-03-19,3.96,
2008-03-20,3.99,
2008-03-21,.,No value available
2008-03-22,.,No value available
2008-03-23,.,No value available
2008-03-24,.,No value available
2008-03-25,4.13,
2008-03-26,4.18,
2008-03-27,4.16,
2008-03-28,4.18,
2008-03-29,.,No value available
2008-03-30,.,No value available
2008-03-31,4.15,
2008-04-01,4.17,
2008-04-02,4.20,
2008-04-03,4.22,
2008-04-04,4.21,
2008-04-05,.,No value available
2008-04-06,.,No value available
2008-04-07,4.22,
2008-04-08,4.21,
2008-04-09,4.21,
2008-04-10,4.17,
2008-04-11,4.20,
2008-04-12,.,No value available
2008-04-13,.,No value available
2008-04-14,4.14,
2008-04-15,4.18,
2008-04-16,4.25,
2008-04-17,4.34,
2008-04-18,4.41,
2008-04-19,.,No value available
2008-04-20,.,No value available
2008-04-21,4.45,
2008-04-22,4.49,
2008-04-23,4.47,
2008-04-24,4.48,
2008-04-25,4.57,
2008-04-26,.,No value available
2008-04-27,.,No value available
2008-04-28,4.52,
2008-04-29,4.49,
2008-04-30,4.46,
2008-05-01,.,No value available
2008-05-02,4.41,
2008-05-03,.,No value available
2008-05-04,.,No value available
2008-05-05,4.48,
2008-05-06,4.48,
2008-05-07,4.43,
2008-05-08,4.41,
2008-05-09,4.34,
2008-05-10,.,No value available
2008-05-11,.,No value available
2008-05-12,4.36,
2008-05-13,4.37,
2008-05-14,4.48,
2008-05-15,4.57,
2008-05-16,4.54,
2008-05-17,.,No value available
2008-05-18,.,No value available
2008-05-19,4.50,
2008-05-20,4.56,
2008-05-21,4.58,
2008-05-22,4.63,
2008-05-23,4.65,
2008-05-24,.,No value available
2008-05-25,.,No value available
2008-05-26,4.70,
2008-05-27,4.70,
2008-05-28,4.74,
2008-05-29,4.81,
2008-05-30,4.84,
2008-05-31,.,No value available
2008-06-01,.,No value available
2008-06-02,4.83,
2008-06-03,4.82,
2008-06-04,4.83,
2008-06-05,4.86,
2008-06-06,5.16,
2008-06-07,.,No value available
2008-06-08,.,No value available
2008-06-09,5.29,
2008-06-10,5.33,
2008-06-11,5.23,
2008-06-12,5.25,
2008-06-13,5.33,
2008-06-14,.,No value available
2008-06-15,.,No value available
2008-06-16,5.34,
2008-06-17,5.30,
2008-06-18,5.24,
2008-06-19,5.28,
2008-06-20,5.31,
2008-06-21,.,No value available
2008-06-22,.,No value available
2008-06-23,5.26,
2008-06-24,5.26,
2008-06-25,5.23,
2008-06-26,5.23,
2008-06-27,5.14,
2008-06-28,.,No value available
2008-06-29,.,No value available
2008-06-30,5.24,
2008-07-01,5.27,
2008-07-02,5.33,
2008-07-03,5.40,
2008-07-04,5.15,
2008-07-05,.,No value available
2008-07-06,.,No value available
2008-07-07,5.11,
2008-07-08,5.04,
2008-07-09,5.08,
2008-07-10,5.07,
2008-07-11,5.07,
2008-07-12,.,No value available
2008-07-13,.,No value available
2008-07-14,5.11,
2008-07-15,5.02,
2008-07-16,4.98,
2008-07-17,5.05,
2008-07-18,5.08,
2008-07-19,.,No value available
2008-07-20,.,No value available
2008-07-21,5.22,
2008-07-22,5.24,
2008-07-23,5.28,
2008-07-24,5.18,
2008-07-25,5.09,
2008-07-26,.,No value available
2008-07-27,.,No value available
2008-07-28,5.11,
2008-07-29,5.04,
2008-07-30,5.01,
2008-07-31,4.98,
2008-08-01,4.93,
2008-08-02,.,No value available
2008-08-03,.,No value available
2008-08-04,4.94,
2008-08-05,4.92,
2008-08-06,4.88,
2008-08-07,4.88,
2008-08-08,4.71,
2008-08-09,.,No value available
2008-08-10,.,No value available
2008-08-11,4.72,
2008-08-12,4.72,
2008-08-13,4.67,
2008-08-14,4.67,
2008-08-15,4.67,
2008-08-16,.,No value available
2008-08-17,.,No value available
2008-08-18,4.60,
2008-08-19,4.59,
2008-08-20,4.64,
2008-08-21,4.65,
2008-08-22,4.74,
2008-08-23,.,No value available
2008-08-24,.,No value available
2008-08-25,4.72,
2008-08-26,4.68,
2008-08-27,4.71,
2008-08-28,4.80,
2008-08-29,4.82,
2008-08-30,.,No value available
2008-08-31,.,No value available
2008-09-01,4.77,
2008-09-02,4.80,
2008-09-03,4.75,
2008-09-04,4.76,
2008-09-05,4.69,
2008-09-06,.,No value available
2008-09-07,.,No value available
2008-09-08,4.78,
2008-09-09,4.72,
2008-09-10,4.73,
2008-09-11,4.74,
2008-09-12,4.78,
2008-09-13,.,No value available
2008-09-14,.,No value available
2008-09-15,4.68,
2008-09-16,4.73,
2008-09-17,4.79,
2008-09-18,4.88,
2008-09-19,4.96,
2008-09-20,.,No value available
2008-09-21,.,No value available
2008-09-22,5.05,
2008-09-23,5.04,
2008-09-24,5.03,
2008-09-25,5.03,
2008-09-26,4.96,
2008-09-27,.,No value available
2008-09-28,.,No value available
2008-09-29,5.01,
2008-09-30,4.97,
2008-10-01,5.17,
2008-10-02,5.21,
2008-10-03,5.07,
2008-10-04,.,No value available
2008-10-05,.,No value available
2008-10-06,5.06,
2008-10-07,5.12,
2008-10-08,5.23,
2008-10-09,5.14,
2008-10-10,5.29,
2008-10-11,.,No value available
2008-10-12,.,No value available
2008-10-13,5.38,
2008-10-14,5.19,
2008-10-15,4.97,
2008-10-16,5.13,
2008-10-17,4.87,
2008-10-18,.,No value available
2008-10-19,.,No value available
2008-10-20,4.99,
2008-10-21,4.85,
2008-10-22,4.68,
2008-10-23,4.82,
2008-10-24,4.57,
2008-10-25,.,No value available
2008-10-26,.,No value available
2008-10-27,4.52,
2008-10-28,4.59,
2008-10-29,4.64,
2008-10-30,4.53,
2008-10-31,4.48,
2008-11-01,.,No value available
2008-11-02,.,No value available
2008-11-03,4.61,
2008-11-04,4.42,
2008-11-05,4.47,
2008-11-06,4.35,
2008-11-07,4.25,
2008-11-08,.,No value available
2008-11-09,.,No value available
2008-11-10,4.19,
2008-11-11,4.12,
2008-11-12,4.20,
2008-11-13,4.20,
2008-11-14,4.16,
2008-11-15,.,No value available
2008-11-16,.,No value available
2008-11-17,4.14,
2008-11-18,4.25,
2008-11-19,4.04,
2008-11-20,4.06,
2008-11-21,4.05,
2008-11-22,.,No value available
2008-11-23,.,No value available
2008-11-24,4.01,
2008-11-25,4.08,
2008-11-26,3.97,
2008-11-27,3.91,
2008-11-28,4.02,
2008-11-29,.,No value available
2008-11-30,.,No value available
2008-12-01,3.93,
2008-12-02,3.89,
2008-12-03,3.96,
2008-12-04,3.87,
2008-12-05,3.78,
2008-12-06,.,No value available
2008-12-07,.,No value available
2008-12-08,4.14,
2008-12-09,4.08,
2008-12-10,4.10,
2008-12-11,4.03,
2008-12-12,3.86,
2008-12-13,.,No value available
2008-12-14,.,No value available
2008-12-15,3.94,
2008-12-16,3.78,
2008-12-17,3.73,
2008-12-18,3.63,
2008-12-19,3.69,
2008-12-20,.,No value available
2008-12-21,.,No value available
2008-12-22,3.62,
2008-12-23,3.62,
2008-12-24,.,No value available
2008-12-25,.,No value available
2008-12-26,.,No value available
2008-12-27,.,No value available
2008-12-28,.,No value available
2008-12-29,3.56,
2008-12-30,3.58,
2008-12-31,.,No value available
2009-01-01,.,No value available
2009-01-02,3.77,
2009-01-03,.,No value available
2009-01-04,.,No value available
2009-01-05,3.68,
2009-01-06,3.74,
2009-01-07,3.74,
2009-01-08,3.69,
2009-01-09,3.61,
2009-01-10,.,No value available
2009-01-11,.,No value available
2009-01-12,3.62,
2009-01-13,3.55,
2009-01-14,3.55,
2009-01-15,3.49,
2009-01-16,3.58,
2009-01-17,.,No value available
2009-01-18,.,No value available
2009-01-19,3.51,
2009-01-20,3.52,
2009-01-21,3.51,
2009-01-22,3.63,
2009-01-23,3.52,
2009-01-24,.,No value available
2009-01-25,.,No value available
2009-01-26,3.56,
2009-01-27,3.82,
2009-01-28,3.68,
2009-01-29,3.65,
2009-01-30,3.65,
2009-01-31,.,No value available
2009-02-01,.,No value available
2009-02-02,3.55,
2009-02-03,3.53,
2009-02-04,3.53,
2009-02-05,3.46,
2009-02-06,3.49,
2009-02-07,.,No value available
2009-02-08,.,No value available
2009-02-09,3.58,
2009-02-10,3.51,
2009-02-11,3.46,
2009-02-12,3.41,
2009-02-13,3.45,
2009-02-14,.,No value available
2009-02-15,.,No value available
2009-02-16,3.50,
2009-02-17,3.47,
2009-02-18,3.46,
2009-02-19,3.54,
2009-02-20,3.55,
2009-02-21,.,No value available
2009-02-22,.,No value available
2009-02-23,3.62,
2009-02-24,3.50,
2009-02-25,3.55,
2009-02-26,3.54,
2009-02-27,3.55,
2009-02-28,.,No value available
2009-03-01,.,No value available
2009-03-02,3.33,
2009-03-03,3.31,
2009-03-04,3.31,
2009-03-05,3.21,
2009-03-06,3.23,
2009-03-07,.,No value available
2009-03-08,.,No value available
2009-03-09,3.20,
2009-03-10,3.29,
2009-03-11,3.27,
2009-03-12,3.26,
2009-03-13,3.26,
2009-03-14,.,No value available
2009-03-15,.,No value available
2009-03-16,3.29,
2009-03-17,3.33,
2009-03-18,3.29,
2009-03-19,3.24,
2009-03-20,3.26,
2009-03-21,.,No value available
2009-03-22,.,No value available
2009-03-23,3.25,
2009-03-24,3.28,
2009-03-25,3.33,
2009-03-26,3.35,
2009-03-27,3.30,
2009-03-28,.,No value available
2009-03-29,.,No value available
2009-03-30,3.18,
2009-03-31,3.17,
2009-04-01,3.18,
2009-04-02,3.15,
2009-04-03,3.33,
2009-04-04,.,No value available
2009-04-05,.,No value available
2009-04-06,3.43,
2009-04-07,3.37,
2009-04-08,3.33,
2009-04-09,3.34,
2009-04-10,.,No value available
2009-04-11,.,No value available
2009-04-12,.,No value available
2009-04-13,.,No value available
2009-04-14,3.30,
2009-04-15,3.26,
2009-04-16,3.29,
2009-04-17,3.24,
2009-04-18,.,No value available
2009-04-19,.,No value available
2009-04-20,3.26,
2009-04-21,3.22,
2009-04-22,3.25,
2009-04-23,3.31,
2009-04-24,3.26,
2009-04-25,.,No value available
2009-04-26,.,No value available
2009-04-27,3.23,
2009-04-28,3.20,
2009-04-29,3.22,
2009-04-30,3.17,
2009-05-01,.,No value available
2009-05-02,.,No value available
2009-05-03,.,No value available
2009-05-04,3.28,
2009-05-05,3.31,
2009-05-06,3.29,
2009-05-07,3.29,
2009-05-08,3.31,
2009-05-09,.,No value available
2009-05-10,.,No value available
2009-05-11,3.27,
2009-05-12,3.23,
2009-05-13,3.20,
2009-05-14,3.05,
2009-05-15,3.11,
2009-05-16,.,No value available
2009-05-17,.,No value available
2009-05-18,3.11,
2009-05-19,3.11,
2009-05-20,3.14,
2009-05-21,3.10,
2009-05-22,3.14,
2009-05-23,.,No value available
2009-05-24,.,No value available
2009-05-25,3.24,
2009-05-26,3.21,
2009-05-27,3.22,
2009-05-28,3.22,
2009-05-29,3.18,
2009-05-30,.,No value available
2009-05-31,.,No value available
2009-06-01,3.18,
2009-06-02,3.20,
2009-06-03,3.17,
2009-06-04,3.18,
2009-06-05,3.27,
2009-06-06,.,No value available
2009-06-07,.,No value available
2009-06-08,3.36,
2009-06-09,3.39,
2009-06-10,3.41,
2009-06-11,3.40,
2009-06-12,3.36,
2009-06-13,.,No value available
2009-06-14,.,No value available
2009-06-15,3.35,
2009-06-16,3.29,
2009-06-17,3.30,
2009-06-18,3.26,
2009-06-19,3.24,
2009-06-20,.,No value available
2009-06-21,.,No value available
2009-06-22,3.20,
2009-06-23,3.18,
2009-06-24,3.11,
2009-06-25,3.08,
2009-06-26,3.07,
2009-06-27,.,No value available
2009-06-28,.,No value available
2009-06-29,3.04,
2009-06-30,3.03,
2009-07-01,3.08,
2009-07-02,3.05,
2009-07-03,2.89,
2009-07-04,.,No value available
2009-07-05,.,No value available
2009-07-06,2.95,
2009-07-07,2.95,
2009-07-08,2.89,
2009-07-09,2.89,
2009-07-10,2.92,
2009-07-11,.,No value available
2009-07-12,.,No value available
2009-07-13,2.89,
2009-07-14,2.91,
2009-07-15,2.89,
2009-07-16,2.89,
2009-07-17,2.85,
2009-07-18,.,No value available
2009-07-19,.,No value available
2009-07-20,2.90,
2009-07-21,2.83,
2009-07-22,2.84,
2009-07-23,2.85,
2009-07-24,2.89,
2009-07-25,.,No value available
2009-07-26,.,No value available
2009-07-27,2.90,
2009-07-28,2.89,
2009-07-29,2.85,
2009-07-30,2.84,
2009-07-31,2.81,
2009-08-01,.,No value available
2009-08-02,.,No value available
2009-08-03,2.78,
2009-08-04,2.83,
2009-08-05,2.80,
2009-08-06,2.85,
2009-08-07,2.86,
2009-08-08,.,No value available
2009-08-09,.,No value available
2009-08-10,2.89,
2009-08-11,2.92,
2009-08-12,2.86,
2009-08-13,2.83,
2009-08-14,2.79,
2009-08-15,.,No value available
2009-08-16,.,No value available
2009-08-17,2.74,
2009-08-18,2.71,
2009-08-19,2.70,
2009-08-20,2.71,
2009-08-21,2.73,
2009-08-22,.,No value available
2009-08-23,.,No value available
2009-08-24,2.70,
2009-08-25,2.70,
2009-08-26,2.65,
2009-08-27,2.63,
2009-08-28,2.66,
2009-08-29,.,No value available
2009-08-30,.,No value available
2009-08-31,2.62,
2009-09-01,2.63,
2009-09-02,2.59,
2009-09-03,2.59,
2009-09-04,2.57,
2009-09-05,.,No value available
2009-09-06,.,No value available
2009-09-07,2.58,
2009-09-08,2.51,
2009-09-09,2.52,
2009-09-10,2.57,
2009-09-11,2.52,
2009-09-12,.,No value available
2009-09-13,.,No value available
2009-09-14,2.49,
2009-09-15,2.52,
2009-09-16,2.51,
2009-09-17,2.57,
2009-09-18,2.56,
2009-09-19,.,No value available
2009-09-20,.,No value available
2009-09-21,2.58,
2009-09-22,2.58,
2009-09-23,2.57,
2009-09-24,2.51,
2009-09-25,2.48,
2009-09-26,.,No value available
2009-09-27,.,No value available
2009-09-28,2.41,
2009-09-29,2.45,
2009-09-30,2.47,
2009-10-01,2.49,
2009-10-02,2.41,
2009-10-03,.,No value available
2009-10-04,.,No value available
2009-10-05,2.44,
2009-10-06,2.46,
2009-10-07,2.45,
2009-10-08,2.46,
2009-10-09,2.47,
2009-10-10,.,No value available
2009-10-11,.,No value available
2009-10-12,2.56,
2009-10-13,2.46,
2009-10-14,2.46,
2009-10-15,2.54,
2009-10-16,2.55,
2009-10-17,.,No value available
2009-10-18,.,No value available
2009-10-19,2.60,
2009-10-20,2.53,
2009-10-21,2.54,
2009-10-22,2.60,
2009-10-23,2.60,
2009-10-24,.,No value available
2009-10-25,.,No value available
2009-10-26,2.61,
2009-10-27,2.60,
2009-10-28,2.55,
2009-10-29,2.53,
2009-10-30,2.58,
2009-10-31,.,No value available
2009-11-01,.,No value available
2009-11-02,2.59,
2009-11-03,2.58,
2009-11-04,2.63,
2009-11-05,2.63,
2009-11-06,2.62,
2009-11-07,.,No value available
2009-11-08,.,No value available
2009-11-09,2.61,
2009-11-10,2.55,
2009-11-11,2.55,
2009-11-12,2.54,
2009-11-13,2.52,
2009-11-14,.,No value available
2009-11-15,.,No value available
2009-11-16,2.52,
2009-11-17,2.48,
2009-11-18,2.47,
2009-11-19,2.47,
2009-11-20,2.45,
2009-11-21,.,No value available
2009-11-22,.,No value available
2009-11-23,2.49,
2009-11-24,2.48,
2009-11-25,2.48,
2009-11-26,2.46,
2009-11-27,2.40,
2009-11-28,.,No value available
2009-11-29,.,No value available
2009-11-30,2.44,
2009-12-01,2.44,
2009-12-02,2.42,
2009-12-03,2.44,
2009-12-04,2.42,
2009-12-05,.,No value available
2009-12-06,.,No value available
2009-12-07,2.45,
2009-12-08,2.42,
2009-12-09,2.41,
2009-12-10,2.39,
2009-12-11,2.41,
2009-12-12,.,No value available
2009-12-13,.,No value available
2009-12-14,2.43,
2009-12-15,2.41,
2009-12-16,2.42,
2009-12-17,2.33,
2009-12-18,2.32,
2009-12-19,.,No value available
2009-12-20,.,No value available
2009-12-21,2.34,
2009-12-22,2.37,
2009-12-23,2.37,
2009-12-24,.,No value available
2009-12-25,.,No value available
2009-12-26,.,No value available
2009-12-27,.,No value available
2009-12-28,2.39,
2009-12-29,2.41,
2009-12-30,2.46,
2009-12-31,.,No value available
2010-01-01,.,No value available
2010-01-02,.,No value available
2010-01-03,.,No value available
2010-01-04,2.55,
2010-01-05,2.53,
2010-01-06,2.51,
2010-01-07,2.49,
2010-01-08,2.50,
2010-01-09,.,No value available
2010-01-10,.,No value available
2010-01-11,2.46,
2010-01-12,2.39,
2010-01-13,2.39,
2010-01-14,2.38,
2010-01-15,2.34,
2010-01-16,.,No value available
2010-01-17,.,No value available
2010-01-18,2.31,
2010-01-19,2.32,
2010-01-20,2.32,
2010-01-21,2.30,
2010-01-22,2.27,
2010-01-23,.,No value available
2010-01-24,.,No value available
2010-01-25,2.29,
2010-01-26,2.25,
2010-01-27,2.27,
2010-01-28,2.29,
2010-01-29,2.30,
2010-01-30,.,No value available
2010-01-31,.,No value available
2010-02-01,2.34,
2010-02-02,2.36,
2010-02-03,2.36,
2010-02-04,2.33,
2010-02-05,2.24,
2010-02-06,.,No value available
2010-02-07,.,No value available
2010-02-08,2.25,
2010-02-09,2.27,
2010-02-10,2.28,
2010-02-11,2.28,
2010-02-12,2.24,
2010-02-13,.,No value available
2010-02-14,.,No value available
2010-02-15,2.23,
2010-02-16,2.22,
2010-02-17,2.22,
2010-02-18,2.20,
2010-02-19,2.23,
2010-02-20,.,No value available
2010-02-21,.,No value available
2010-02-22,2.27,
2010-02-23,2.21,
2010-02-24,2.18,
2010-02-25,2.12,
2010-02-26,2.11,
2010-02-27,.,No value available
2010-02-28,.,No value available
2010-03-01,2.20,
2010-03-02,2.20,
2010-03-03,2.20,
2010-03-04,2.19,
2010-03-05,2.21,
2010-03-06,.,No value available
2010-03-07,.,No value available
2010-03-08,2.23,
2010-03-09,2.20,
2010-03-10,2.20,
2010-03-11,2.23,
2010-03-12,2.24,
2010-03-13,.,No value available
2010-03-14,.,No value available
2010-03-15,2.24,
2010-03-16,2.23,
2010-03-17,2.19,
2010-03-18,2.16,
2010-03-19,2.19,
2010-03-20,.,No value available
2010-03-21,.,No value available
2010-03-22,2.18,
2010-03-23,2.13,
2010-03-24,2.14,
2010-03-25,2.15,
2010-03-26,2.17,
2010-03-27,.,No value available
2010-03-28,.,No value available
2010-03-29,2.17,
2010-03-30,2.16,
2010-03-31,2.14,
2010-04-01,2.20,
2010-04-02,.,No value available
2010-04-03,.,No value available
2010-04-04,.,No value available
2010-04-05,.,No value available
2010-04-06,2.24,
2010-04-07,2.22,
2010-04-08,2.19,
2010-04-09,2.20,
2010-04-10,.,No value available
2010-04-11,.,No value available
2010-04-12,2.26,
2010-04-13,2.23,
2010-04-14,2.22,
2010-04-15,2.18,
2010-04-16,2.18,
2010-04-17,.,No value available
2010-04-18,.,No value available
2010-04-19,2.14,
2010-04-20,2.14,
2010-04-21,2.16,
2010-04-22,2.15,
2010-04-23,2.15,
2010-04-24,.,No value available
2010-04-25,.,No value available
2010-04-26,2.17,
2010-04-27,2.15,
2010-04-28,2.11,
2010-04-29,2.11,
2010-04-30,2.12,
2010-05-01,.,No value available
2010-05-02,.,No value available
2010-05-03,2.14,
2010-05-04,2.12,
2010-05-05,2.08,
2010-05-06,2.03,
2010-05-07,1.98,
2010-05-08,.,No value available
2010-05-09,.,No value available
2010-05-10,2.07,
2010-05-11,1.96,
2010-05-12,2.02,
2010-05-13,1.99,
2010-05-14,1.97,
2010-05-15,.,No value available
2010-05-16,.,No value available
2010-05-17,1.94,
2010-05-18,1.97,
2010-05-19,1.94,
2010-05-20,1.94,
2010-05-21,1.90,
2010-05-22,.,No value available
2010-05-23,.,No value available
2010-05-24,1.93,
2010-05-25,1.92,
2010-05-26,1.89,
2010-05-27,1.91,
2010-05-28,1.92,
2010-05-29,.,No value available
2010-05-30,.,No value available
2010-05-31,1.91,
2010-06-01,1.92,
2010-06-02,1.95,
2010-06-03,1.95,
2010-06-04,1.95,
2010-06-05,.,No value available
2010-06-06,.,No value available
2010-06-07,1.91,
2010-06-08,1.90,
2010-06-09,1.90,
2010-06-10,1.89,
2010-06-11,1.89,
2010-06-12,.,No value available
2010-06-13,.,No value available
2010-06-14,1.87,
2010-06-15,1.88,
2010-06-16,1.90,
2010-06-17,1.89,
2010-06-18,1.90,
2010-06-19,.,No value available
2010-06-20,.,No value available
2010-06-21,1.93,
2010-06-22,1.93,
2010-06-23,1.92,
2010-06-24,1.91,
2010-06-25,1.89,
2010-06-26,.,No value available
2010-06-27,.,No value available
2010-06-28,1.89,
2010-06-29,1.88,
2010-06-30,1.88,
2010-07-01,1.94,
2010-07-02,1.94,
2010-07-03,.,No value available
2010-07-04,.,No value available
2010-07-05,1.92,
2010-07-06,1.93,
2010-07-07,1.92,
2010-07-08,1.93,
2010-07-09,1.97,
2010-07-10,.,No value available
2010-07-11,.,No value available
2010-07-12,1.91,
2010-07-13,1.88,
2010-07-14,1.91,
2010-07-15,1.93,
2010-07-16,1.95,
2010-07-17,.,No value available
2010-07-18,.,No value available
2010-07-19,1.93,
2010-07-20,1.95,
2010-07-21,1.95,
2010-07-22,1.90,
2010-07-23,1.91,
2010-07-24,.,No value available
2010-07-25,.,No value available
2010-07-26,1.97,
2010-07-27,2.04,
2010-07-28,2.04,
2010-07-29,2.02,
2010-07-30,1.99,
2010-07-31,.,No value available
2010-08-01,.,No value available
2010-08-02,2.04,
2010-08-03,2.02,
2010-08-04,2.00,
2010-08-05,1.81,
2010-08-06,1.98,
2010-08-07,.,No value available
2010-08-08,.,No value available
2010-08-09,1.96,
2010-08-10,1.95,
2010-08-11,1.91,
2010-08-12,1.85,
2010-08-13,1.83,
2010-08-14,.,No value available
2010-08-15,.,No value available
2010-08-16,1.77,
2010-08-17,1.78,
2010-08-18,1.80,
2010-08-19,1.77,
2010-08-20,1.77,
2010-08-21,.,No value available
2010-08-22,.,No value available
2010-08-23,1.74,
2010-08-24,1.73,
2010-08-25,1.70,
2010-08-26,1.69,
2010-08-27,1.68,
2010-08-28,.,No value available
2010-08-29,.,No value available
2010-08-30,1.67,
2010-08-31,1.66,
2010-09-01,1.72,
2010-09-02,1.75,
2010-09-03,1.78,
2010-09-04,.,No value available
2010-09-05,.,No value available
2010-09-06,1.83,
2010-09-07,1.80,
2010-09-08,1.75,
2010-09-09,1.82,
2010-09-10,1.87,
2010-09-11,.,No value available
2010-09-12,.,No value available
2010-09-13,1.93,
2010-09-14,1.88,
2010-09-15,1.90,
2010-09-16,1.96,
2010-09-17,1.99,
2010-09-18,.,No value available
2010-09-19,.,No value available
2010-09-20,1.99,
2010-09-21,1.99,
2010-09-22,1.94,
2010-09-23,1.88,
2010-09-24,1.88,
2010-09-25,.,No value available
2010-09-26,.,No value available
2010-09-27,1.89,
2010-09-28,1.88,
2010-09-29,1.89,
2010-09-30,1.91,
2010-10-01,1.96,
2010-10-02,.,No value available
2010-10-03,.,No value available
2010-10-04,1.90,
2010-10-05,1.88,
2010-10-06,1.89,
2010-10-07,1.90,
2010-10-08,1.91,
2010-10-09,.,No value available
2010-10-10,.,No value available
2010-10-11,1.89,
2010-10-12,1.84,
2010-10-13,1.89,
2010-10-14,1.87,
2010-10-15,1.88,
2010-10-16,.,No value available
2010-10-17,.,No value available
2010-10-18,1.94,
2010-10-19,1.96,
2010-10-20,2.00,
2010-10-21,2.03,
2010-10-22,2.06,
2010-10-23,.,No value available
2010-10-24,.,No value available
2010-10-25,2.06,
2010-10-26,2.07,
2010-10-27,2.13,
2010-10-28,2.11,
2010-10-29,2.12,
2010-10-30,.,No value available
2010-10-31,.,No value available
2010-11-01,2.10,
2010-11-02,2.07,
2010-11-03,2.09,
2010-11-04,2.09,
2010-11-05,2.02,
2010-11-06,.,No value available
2010-11-07,.,No value available
2010-11-08,2.03,
2010-11-09,2.01,
2010-11-10,2.09,
2010-11-11,2.08,
2010-11-12,2.09,
2010-11-13,.,No value available
2010-11-14,.,No value available
2010-11-15,2.16,
2010-11-16,2.14,
2010-11-17,2.19,
2010-11-18,2.23,
2010-11-19,2.25,
2010-11-20,.,No value available
2010-11-21,.,No value available
2010-11-22,2.25,
2010-11-23,2.18,
2010-11-24,2.16,
2010-11-25,2.17,
2010-11-26,2.19,
2010-11-27,.,No value available
2010-11-28,.,No value available
2010-11-29,2.18,
2010-11-30,2.20,
2010-12-01,2.21,
2010-12-02,2.25,
2010-12-03,2.26,
2010-12-04,.,No value available
2010-12-05,.,No value available
2010-12-06,2.24,
2010-12-07,2.21,
2010-12-08,2.31,
2010-12-09,2.35,
2010-12-10,2.38,
2010-12-11,.,No value available
2010-12-12,.,No value available
2010-12-13,2.43,
2010-12-14,2.39,
2010-12-15,2.43,
2010-12-16,2.47,
2010-12-17,2.46,
2010-12-18,.,No value available
2010-12-19,.,No value available
2010-12-20,2.44,
2010-12-21,2.43,
2010-12-22,2.41,
2010-12-23,2.35,
2010-12-24,.,No value available
2010-12-25,.,No value available
2010-12-26,.,No value available
2010-12-27,2.40,
2010-12-28,2.35,
2010-12-29,2.32,
2010-12-30,2.33,
2010-12-31,.,No value available
2011-01-01,.,No value available
2011-01-02,.,No value available
2011-01-03,2.30,
2011-01-04,2.29,
2011-01-05,2.26,
2011-01-06,2.34,
2011-01-07,2.34,
2011-01-08,.,No value available
2011-01-09,.,No value available
2011-01-10,2.31,
2011-01-11,2.30,
2011-01-12,2.36,
2011-01-13,2.42,
2011-01-14,2.54,
2011-01-15,.,No value available
2011-01-16,.,No value available
2011-01-17,2.53,
2011-01-18,2.55,
2011-01-19,2.54,
2011-01-20,2.58,
2011-01-21,2.65,
2011-01-22,.,No value available
2011-01-23,.,No value available
2011-01-24,2.66,
2011-01-25,2.62,
2011-01-26,2.65,
2011-01-27,2.68,
2011-01-28,2.74,
2011-01-29,.,No value available
2011-01-30,.,No value available
2011-01-31,2.74,
2011-02-01,2.78,
2011-02-02,2.77,
2011-02-03,2.81,
2011-02-04,2.77,
2011-02-05,.,No value available
2011-02-06,.,No value available
2011-02-07,2.80,
2011-02-08,2.79,
2011-02-09,2.83,
2011-02-10,2.82,
2011-02-11,2.81,
2011-02-12,.,No value available
2011-02-13,.,No value available
2011-02-14,2.81,
2011-02-15,2.82,
2011-02-16,2.80,
2011-02-17,2.78,
2011-02-18,2.74,
2011-02-19,.,No value available
2011-02-20,.,No value available
2011-02-21,2.78,
2011-02-22,2.78,
2011-02-23,2.79,
2011-02-24,2.76,
2011-02-25,2.77,
2011-02-26,.,No value available
2011-02-27,.,No value available
2011-02-28,2.76,
2011-03-01,2.80,
2011-03-02,2.79,
2011-03-03,2.84,
2011-03-04,2.97,
2011-03-05,.,No value available
2011-03-06,.,No value available
2011-03-07,2.99,
2011-03-08,2.97,
2011-03-09,2.98,
2011-03-10,2.96,
2011-03-11,2.91,
2011-03-12,.,No value available
2011-03-13,.,No value available
2011-03-14,2.92,
2011-03-15,2.80,
2011-03-16,2.80,
2011-03-17,2.79,
2011-03-18,2.83,
2011-03-19,.,No value available
2011-03-20,.,No value available
2011-03-21,2.90,
2011-03-22,2.96,
2011-03-23,2.94,
2011-03-24,2.92,
2011-03-25,2.95,
2011-03-26,.,No value available
2011-03-27,.,No value available
2011-03-28,2.97,
2011-03-29,2.96,
2011-03-30,3.01,
2011-03-31,3.02,
2011-04-01,3.07,
2011-04-02,.,No value available
2011-04-03,.,No value available
2011-04-04,3.07,
2011-04-05,3.05,
2011-04-06,3.08,
2011-04-07,3.10,
2011-04-08,3.11,
2011-04-09,.,No value available
2011-04-10,.,No value available
2011-04-11,3.15,
2011-04-12,3.13,
2011-04-13,3.11,
2011-04-14,3.07,
2011-04-15,3.09,
2011-04-16,.,No value available
2011-04-17,.,No value available
2011-04-18,3.05,
2011-04-19,3.02,
2011-04-20,3.04,
2011-04-21,3.03,
2011-04-22,.,No value available
2011-04-23,.,No value available
2011-04-24,.,No value available
2011-04-25,.,No value available
2011-04-26,2.98,
2011-04-27,2.99,
2011-04-28,3.01,
2011-04-29,2.99,
2011-04-30,.,No value available
2011-05-01,.,No value available
2011-05-02,3.01,
2011-05-03,3.01,
2011-05-04,3.06,
2011-05-05,3.07,
2011-05-06,2.95,
2011-05-07,.,No value available
2011-05-08,.,No value available
2011-05-09,2.93,
2011-05-10,2.90,
2011-05-11,2.91,
2011-05-12,2.85,
2011-05-13,2.87,
2011-05-14,.,No value available
2011-05-15,.,No value available
2011-05-16,2.85,
2011-05-17,2.88,
2011-05-18,2.86,
2011-05-19,2.88,
2011-05-20,2.88,
2011-05-21,.,No value available
2011-05-22,.,No value available
2011-05-23,2.79,
2011-05-24,2.80,
2011-05-25,2.77,
2011-05-26,2.78,
2011-05-27,2.70,
2011-05-28,.,No value available
2011-05-29,.,No value available
2011-05-30,2.70,
2011-05-31,2.73,
2011-06-01,2.74,
2011-06-02,2.72,
2011-06-03,2.71,
2011-06-04,.,No value available
2011-06-05,.,No value available
2011-06-06,2.72,
2011-06-07,2.72,
2011-06-08,2.75,
2011-06-09,2.72,
2011-06-10,2.66,
2011-06-11,.,No value available
2011-06-12,.,No value available
2011-06-13,2.64,
2011-06-14,2.62,
2011-06-15,2.63,
2011-06-16,2.57,
2011-06-17,2.59,
2011-06-18,.,No value available
2011-06-19,.,No value available
2011-06-20,2.58,
2011-06-21,2.60,
2011-06-22,2.60,
2011-06-23,2.58,
2011-06-24,2.55,
2011-06-25,.,No value available
2011-06-26,.,No value available
2011-06-27,2.55,
2011-06-28,2.54,
2011-06-29,2.63,
2011-06-30,2.68,
2011-07-01,2.75,
2011-07-02,.,No value available
2011-07-03,.,No value available
2011-07-04,2.77,
2011-07-05,2.78,
2011-07-06,2.74,
2011-07-07,2.73,
2011-07-08,2.71,
2011-07-09,.,No value available
2011-07-10,.,No value available
2011-07-11,2.63,
2011-07-12,2.47,
2011-07-13,2.52,
2011-07-14,2.51,
2011-07-15,2.50,
2011-07-16,.,No value available
2011-07-17,.,No value available
2011-07-18,2.48,
2011-07-19,2.50,
2011-07-20,2.50,
2011-07-21,2.55,
2011-07-22,2.64,
2011-07-23,.,No value available
2011-07-24,.,No value available
2011-07-25,2.58,
2011-07-26,2.57,
2011-07-27,2.53,
2011-07-28,2.47,
2011-07-29,2.45,
2011-07-30,.,No value available
2011-07-31,.,No value available
2011-08-01,2.46,
2011-08-02,2.39,
2011-08-03,2.35,
2011-08-04,2.35,
2011-08-05,2.20,
2011-08-06,.,No value available
2011-08-07,.,No value available
2011-08-08,2.20,
2011-08-09,2.13,
2011-08-10,2.13,
2011-08-11,2.01,
2011-08-12,2.05,
2011-08-13,.,No value available
2011-08-14,.,No value available
2011-08-15,2.08,
2011-08-16,2.08,
2011-08-17,2.08,
2011-08-18,2.01,
2011-08-19,1.97,
2011-08-20,.,No value available
2011-08-21,.,No value available
2011-08-22,2.00,
2011-08-23,2.03,
2011-08-24,2.03,
2011-08-25,2.11,
2011-08-26,2.07,
2011-08-27,.,No value available
2011-08-28,.,No value available
2011-08-29,2.08,
2011-08-30,2.08,
2011-08-31,2.06,
2011-09-01,2.09,
2011-09-02,2.03,
2011-09-03,.,No value available
2011-09-04,.,No value available
2011-09-05,1.96,
2011-09-06,1.94,
2011-09-07,1.96,
2011-09-08,1.96,
2011-09-09,1.90,
2011-09-10,.,No value available
2011-09-11,.,No value available
2011-09-12,1.86,
2011-09-13,1.89,
2011-09-14,1.93,
2011-09-15,2.00,
2011-09-16,2.02,
2011-09-17,.,No value available
2011-09-18,.,No value available
2011-09-19,1.96,
2011-09-20,1.95,
2011-09-21,1.96,
2011-09-22,1.92,
2011-09-23,1.91,
2011-09-24,.,No value available
2011-09-25,.,No value available
2011-09-26,1.93,
2011-09-27,1.96,
2011-09-28,2.00,
2011-09-29,2.03,
2011-09-30,2.06,
2011-10-01,.,No value available
2011-10-02,.,No value available
2011-10-03,2.08,
2011-10-04,2.04,
2011-10-05,2.05,
2011-10-06,2.08,
2011-10-07,2.12,
2011-10-08,.,No value available
2011-10-09,.,No value available
2011-10-10,2.15,
2011-10-11,2.15,
2011-10-12,2.19,
2011-10-13,2.23,
2011-10-14,2.21,
2011-10-15,.,No value available
2011-10-16,.,No value available
2011-10-17,2.22,
2011-10-18,2.11,
2011-10-19,2.15,
2011-10-20,2.14,
2011-10-21,2.14,
2011-10-22,.,No value available
2011-10-23,.,No value available
2011-10-24,2.17,
2011-10-25,2.19,
2011-10-26,2.14,
2011-10-27,2.14,
2011-10-28,2.21,
2011-10-29,.,No value available
2011-10-30,.,No value available
2011-10-31,2.16,
2011-11-01,2.07,
2011-11-02,2.05,
2011-11-03,2.04,
2011-11-04,2.04,
2011-11-05,.,No value available
2011-11-06,.,No value available
2011-11-07,2.01,
2011-11-08,2.03,
2011-11-09,2.03,
2011-11-10,2.00,
2011-11-11,2.02,
2011-11-12,.,No value available
2011-11-13,.,No value available
2011-11-14,2.01,
2011-11-15,1.99,
2011-11-16,2.03,
2011-11-17,2.06,
2011-11-18,2.16,
2011-11-19,.,No value available
2011-11-20,.,No value available
2011-11-21,2.16,
2011-11-22,2.16,
2011-11-23,2.13,
2011-11-24,2.19,
2011-11-25,2.20,
2011-11-26,.,No value available
2011-11-27,.,No value available
2011-11-28,2.23,
2011-11-29,2.24,
2011-11-30,2.23,
2011-12-01,2.15,
2011-12-02,2.13,
2011-12-03,.,No value available
2011-12-04,.,No value available
2011-12-05,2.14,
2011-12-06,2.14,
2011-12-07,2.13,
2011-12-08,2.09,
2011-12-09,2.09,
2011-12-10,.,No value available
2011-12-11,.,No value available
2011-12-12,2.07,
2011-12-13,2.04,
2011-12-14,2.06,
2011-12-15,2.07,
2011-12-16,2.02,
2011-12-17,.,No value available
2011-12-18,.,No value available
2011-12-19,2.00,
2011-12-20,2.02,
2011-12-21,2.04,
2011-12-22,2.05,
2011-12-23,2.03,
2011-12-24,.,No value available
2011-12-25,.,No value available
2011-12-26,.,No value available
2011-12-27,2.00,
2011-12-28,1.98,
2011-12-29,1.94,
2011-12-30,1.94,
2011-12-31,.,No value available
2012-01-01,.,No value available
2012-01-02,1.96,
2012-01-03,1.97,
2012-01-04,1.94,
2012-01-05,1.94,
2012-01-06,1.94,
2012-01-07,.,No value available
2012-01-08,.,No value available
2012-01-09,1.92,
2012-01-10,1.92,
2012-01-11,1.90,
2012-01-12,1.86,
2012-01-13,1.81,
2012-01-14,.,No value available
2012-01-15,.,No value available
2012-01-16,1.79,
2012-01-17,1.80,
2012-01-18,1.83,
2012-01-19,1.82,
2012-01-20,1.83,
2012-01-21,.,No value available
2012-01-22,.,No value available
2012-01-23,1.81,
2012-01-24,1.82,
2012-01-25,1.85,
2012-01-26,1.79,
2012-01-27,1.77,
2012-01-28,.,No value available
2012-01-29,.,No value available
2012-01-30,1.77,
2012-01-31,1.72,
2012-02-01,1.70,
2012-02-02,1.67,
2012-02-03,1.71,
2012-02-04,.,No value available
2012-02-05,.,No value available
2012-02-06,1.71,
2012-02-07,1.69,
2012-02-08,1.73,
2012-02-09,1.74,
2012-02-10,1.75,
2012-02-11,.,No value available
2012-02-12,.,No value available
2012-02-13,1.73,
2012-02-14,1.71,
2012-02-15,1.68,
2012-02-16,1.67,
2012-02-17,1.69,
2012-02-18,.,No value available
2012-02-19,.,No value available
2012-02-20,1.73,
2012-02-21,1.72,
2012-02-22,1.70,
2012-02-23,1.70,
2012-02-24,1.70,
2012-02-25,.,No value available
2012-02-26,.,No value available
2012-02-27,1.67,
2012-02-28,1.64,
2012-02-29,1.64,
2012-03-01,1.62,
2012-03-02,1.58,
2012-03-03,.,No value available
2012-03-04,.,No value available
2012-03-05,1.57,
2012-03-06,1.57,
2012-03-07,1.57,
2012-03-08,1.57,
2012-03-09,1.55,
2012-03-10,.,No value available
2012-03-11,.,No value available
2012-03-12,1.54,
2012-03-13,1.55,
2012-03-14,1.61,
2012-03-15,1.63,
2012-03-16,1.68,
2012-03-17,.,No value available
2012-03-18,.,No value available
2012-03-19,1.71,
2012-03-20,1.70,
2012-03-21,1.69,
2012-03-22,1.63,
2012-03-23,1.61,
2012-03-24,.,No value available
2012-03-25,.,No value available
2012-03-26,1.60,
2012-03-27,1.61,
2012-03-28,1.57,
2012-03-29,1.56,
2012-03-30,1.55,
2012-03-31,.,No value available
2012-04-01,.,No value available
2012-04-02,1.58,
2012-04-03,1.57,
2012-04-04,1.57,
2012-04-05,1.54,
2012-04-06,.,No value available
2012-04-07,.,No value available
2012-04-08,.,No value available
2012-04-09,.,No value available
2012-04-10,1.50,
2012-04-11,1.49,
2012-04-12,1.49,
2012-04-13,1.47,
2012-04-14,.,No value available
2012-04-15,.,No value available
2012-04-16,1.46,
2012-04-17,1.48,
2012-04-18,1.48,
2012-04-19,1.46,
2012-04-20,1.48,
2012-04-21,.,No value available
2012-04-22,.,No value available
2012-04-23,1.49,
2012-04-24,1.48,
2012-04-25,1.49,
2012-04-26,1.46,
2012-04-27,1.42,
2012-04-28,.,No value available
2012-04-29,.,No value available
2012-04-30,1.39,
2012-05-01,.,No value available
2012-05-02,1.43,
2012-05-03,1.38,
2012-05-04,1.39,
2012-05-05,.,No value available
2012-05-06,.,No value available
2012-05-07,1.34,
2012-05-08,1.35,
2012-05-09,1.36,
2012-05-10,1.39,
2012-05-11,1.38,
2012-05-12,.,No value available
2012-05-13,.,No value available
2012-05-14,1.38,
2012-05-15,1.38,
2012-05-16,1.38,
2012-05-17,1.39,
2012-05-18,1.39,
2012-05-19,.,No value available
2012-05-20,.,No value available
2012-05-21,1.39,
2012-05-22,1.38,
2012-05-23,1.35,
2012-05-24,1.30,
2012-05-25,1.30,
2012-05-26,.,No value available
2012-05-27,.,No value available
2012-05-28,1.29,
2012-05-29,1.27,
2012-05-30,1.25,
2012-05-31,1.23,
2012-06-01,1.23,
2012-06-02,.,No value available
2012-06-03,.,No value available
2012-06-04,1.24,
2012-06-05,1.23,
2012-06-06,1.24,
2012-06-07,1.30,
2012-06-08,1.31,
2012-06-09,.,No value available
2012-06-10,.,No value available
2012-06-11,1.31,
2012-06-12,1.30,
2012-06-13,1.37,
2012-06-14,1.39,
2012-06-15,1.35,
2012-06-16,.,No value available
2012-06-17,.,No value available
2012-06-18,1.28,
2012-06-19,1.28,
2012-06-20,1.33,
2012-06-21,1.33,
2012-06-22,1.28,
2012-06-23,.,No value available
2012-06-24,.,No value available
2012-06-25,1.27,
2012-06-26,1.25,
2012-06-27,1.27,
2012-06-28,1.26,
2012-06-29,1.31,
2012-06-30,.,No value available
2012-07-01,.,No value available
2012-07-02,1.26,
2012-07-03,1.23,
2012-07-04,1.21,
2012-07-05,1.19,
2012-07-06,1.10,
2012-07-07,.,No value available
2012-07-08,.,No value available
2012-07-09,1.10,
2012-07-10,1.12,
2012-07-11,1.12,
2012-07-12,1.08,
2012-07-13,1.06,
2012-07-14,.,No value available
2012-07-15,.,No value available
2012-07-16,1.05,
2012-07-17,1.05,
2012-07-18,1.04,
2012-07-19,1.01,
2012-07-20,1.01,
2012-07-21,.,No value available
2012-07-22,.,No value available
2012-07-23,0.97,
2012-07-24,0.99,
2012-07-25,1.00,
2012-07-26,0.99,
2012-07-27,1.01,
2012-07-28,.,No value available
2012-07-29,.,No value available
2012-07-30,0.98,
2012-07-31,0.95,
2012-08-01,0.96,
2012-08-02,0.96,
2012-08-03,0.95,
2012-08-04,.,No value available
2012-08-05,.,No value available
2012-08-06,0.98,
2012-08-07,0.97,
2012-08-08,0.99,
2012-08-09,0.97,
2012-08-10,0.93,
2012-08-11,.,No value available
2012-08-12,.,No value available
2012-08-13,0.91,
2012-08-14,0.92,
2012-08-15,0.95,
2012-08-16,0.97,
2012-08-17,0.95,
2012-08-18,.,No value available
2012-08-19,.,No value available
2012-08-20,0.93,
2012-08-21,0.90,
2012-08-22,0.91,
2012-08-23,0.87,
2012-08-24,0.84,
2012-08-25,.,No value available
2012-08-26,.,No value available
2012-08-27,0.83,
2012-08-28,0.82,
2012-08-29,0.82,
2012-08-30,0.82,
2012-08-31,0.80,
2012-09-01,.,No value available
2012-09-02,.,No value available
2012-09-03,0.80,
2012-09-04,0.82,
2012-09-05,0.81,
2012-09-06,0.83,
2012-09-07,0.88,
2012-09-08,.,No value available
2012-09-09,.,No value available
2012-09-10,0.84,
2012-09-11,0.83,
2012-09-12,0.86,
2012-09-13,0.87,
2012-09-14,0.87,
2012-09-15,.,No value available
2012-09-16,.,No value available
2012-09-17,0.89,
2012-09-18,0.87,
2012-09-19,0.85,
2012-09-20,0.81,
2012-09-21,0.79,
2012-09-22,.,No value available
2012-09-23,.,No value available
2012-09-24,0.76,
2012-09-25,0.75,
2012-09-26,0.79,
2012-09-27,0.81,
2012-09-28,0.77,
2012-09-29,.,No value available
2012-09-30,.,No value available
2012-10-01,0.81,
2012-10-02,0.81,
2012-10-03,0.81,
2012-10-04,0.80,
2012-10-05,0.81,
2012-10-06,.,No value available
2012-10-07,.,No value available
2012-10-08,0.81,
2012-10-09,0.79,
2012-10-10,0.78,
2012-10-11,0.77,
2012-10-12,0.79,
2012-10-13,.,No value available
2012-10-14,.,No value available
2012-10-15,0.79,
2012-10-16,0.81,
2012-10-17,0.84,
2012-10-18,0.86,
2012-10-19,0.85,
2012-10-20,.,No value available
2012-10-21,.,No value available
2012-10-22,0.86,
2012-10-23,0.87,
2012-10-24,0.86,
2012-10-25,0.85,
2012-10-26,0.83,
2012-10-27,.,No value available
2012-10-28,.,No value available
2012-10-29,0.81,
2012-10-30,0.81,
2012-10-31,0.81,
2012-11-01,0.80,
2012-11-02,0.79,
2012-11-03,.,No value available
2012-11-04,.,No value available
2012-11-05,0.77,
2012-11-06,0.76,
2012-11-07,0.76,
2012-11-08,0.72,
2012-11-09,0.70,
2012-11-10,.,No value available
2012-11-11,.,No value available
2012-11-12,0.70,
2012-11-13,0.69,
2012-11-14,0.70,
2012-11-15,0.68,
2012-11-16,0.67,
2012-11-17,.,No value available
2012-11-18,.,No value available
2012-11-19,0.68,
2012-11-20,0.68,
2012-11-21,0.69,
2012-11-22,0.70,
2012-11-23,0.70,
2012-11-24,.,No value available
2012-11-25,.,No value available
2012-11-26,0.72,
2012-11-27,0.71,
2012-11-28,0.71,
2012-11-29,0.69,
2012-11-30,0.69,
2012-12-01,.,No value available
2012-12-02,.,No value available
2012-12-03,0.69,
2012-12-04,0.70,
2012-12-05,0.69,
2012-12-06,0.66,
2012-12-07,0.62,
2012-12-08,.,No value available
2012-12-09,.,No value available
2012-12-10,0.59,
2012-12-11,0.60,
2012-12-12,0.62,
2012-12-13,0.62,
2012-12-14,0.62,
2012-12-15,.,No value available
2012-12-16,.,No value available
2012-12-17,0.63,
2012-12-18,0.64,
2012-12-19,0.66,
2012-12-20,0.64,
2012-12-21,0.63,
2012-12-22,.,No value available
2012-12-23,.,No value available
2012-12-24,.,No value available
2012-12-25,.,No value available
2012-12-26,.,No value available
2012-12-27,0.65,
2012-12-28,0.63,
2012-12-29,.,No value available
2012-12-30,.,No value available
2012-12-31,.,No value available
2013-01-01,.,No value available
2013-01-02,0.66,
2013-01-03,0.68,
2013-01-04,0.72,
2013-01-05,.,No value available
2013-01-06,.,No value available
2013-01-07,0.72,
2013-01-08,0.71,
2013-01-09,0.69,
2013-01-10,0.68,
2013-01-11,0.77,
2013-01-12,.,No value available
2013-01-13,.,No value available
2013-01-14,0.80,
2013-01-15,0.80,
2013-01-16,0.79,
2013-01-17,0.79,
2013-01-18,0.90,
2013-01-19,.,No value available
2013-01-20,.,No value available
2013-01-21,0.86,
2013-01-22,0.88,
2013-01-23,0.84,
2013-01-24,0.82,
2013-01-25,0.85,
2013-01-26,.,No value available
2013-01-27,.,No value available
2013-01-28,0.95,
2013-01-29,0.99,
2013-01-30,1.02,
2013-01-31,1.00,
2013-02-01,1.01,
2013-02-02,.,No value available
2013-02-03,.,No value available
2013-02-04,0.98,
2013-02-05,0.95,
2013-02-06,0.96,
2013-02-07,0.96,
2013-02-08,0.90,
2013-02-09,.,No value available
2013-02-10,.,No value available
2013-02-11,0.90,
2013-02-12,0.90,
2013-02-13,0.92,
2013-02-14,0.91,
2013-02-15,0.87,
2013-02-16,.,No value available
2013-02-17,.,No value available
2013-02-18,0.87,
2013-02-19,0.86,
2013-02-20,0.88,
2013-02-21,0.87,
2013-02-22,0.85,
2013-02-23,.,No value available
2013-02-24,.,No value available
2013-02-25,0.79,
2013-02-26,0.78,
2013-02-27,0.77,
2013-02-28,0.76,
2013-03-01,0.73,
2013-03-02,.,No value available
2013-03-03,.,No value available
2013-03-04,0.72,
2013-03-05,0.72,
2013-03-06,0.73,
2013-03-07,0.71,
2013-03-08,0.76,
2013-03-09,.,No value available
2013-03-10,.,No value available
2013-03-11,0.75,
2013-03-12,0.74,
2013-03-13,0.74,
2013-03-14,0.74,
2013-03-15,0.73,
2013-03-16,.,No value available
2013-03-17,.,No value available
2013-03-18,0.71,
2013-03-19,0.71,
2013-03-20,0.74,
2013-03-21,0.74,
2013-03-22,0.74,
2013-03-23,.,No value available
2013-03-24,.,No value available
2013-03-25,0.74,
2013-03-26,0.74,
2013-03-27,0.71,
2013-03-28,0.73,
2013-03-29,.,No value available
2013-03-30,.,No value available
2013-03-31,.,No value available
2013-04-01,.,No value available
2013-04-02,0.75,
2013-04-03,0.73,
2013-04-04,0.72,
2013-04-05,0.67,
2013-04-06,.,No value available
2013-04-07,.,No value available
2013-04-08,0.68,
2013-04-09,0.69,
2013-04-10,0.71,
2013-04-11,0.70,
2013-04-12,0.69,
2013-04-13,.,No value available
2013-04-14,.,No value available
2013-04-15,0.67,
2013-04-16,0.66,
2013-04-17,0.67,
2013-04-18,0.64,
2013-04-19,0.64,
2013-04-20,.,No value available
2013-04-21,.,No value available
2013-04-22,0.64,
2013-04-23,0.62,
2013-04-24,0.62,
2013-04-25,0.61,
2013-04-26,0.58,
2013-04-27,.,No value available
2013-04-28,.,No value available
2013-04-29,0.60,
2013-04-30,0.59,
2013-05-01,.,No value available
2013-05-02,0.63,
2013-05-03,0.61,
2013-05-04,.,No value available
2013-05-05,.,No value available
2013-05-06,0.64,
2013-05-07,0.64,
2013-05-08,0.66,
2013-05-09,0.64,
2013-05-10,0.66,
2013-05-11,.,No value available
2013-05-12,.,No value available
2013-05-13,0.68,
2013-05-14,0.67,
2013-05-15,0.68,
2013-05-16,0.65,
2013-05-17,0.62,
2013-05-18,.,No value available
2013-05-19,.,No value available
2013-05-20,0.62,
2013-05-21,0.64,
2013-05-22,0.66,
2013-05-23,0.64,
2013-05-24,0.68,
2013-05-25,.,No value available
2013-05-26,.,No value available
2013-05-27,0.69,
2013-05-28,0.70,
2013-05-29,0.74,
2013-05-30,0.75,
2013-05-31,0.73,
2013-06-01,.,No value available
2013-06-02,.,No value available
2013-06-03,0.85,
2013-06-04,0.87,
2013-06-05,0.87,
2013-06-06,0.86,
2013-06-07,0.91,
2013-06-08,.,No value available
2013-06-09,.,No value available
2013-06-10,0.93,
2013-06-11,0.99,
2013-06-12,0.98,
2013-06-13,0.94,
2013-06-14,0.90,
2013-06-15,.,No value available
2013-06-16,.,No value available
2013-06-17,0.90,
2013-06-18,0.93,
2013-06-19,0.94,
2013-06-20,1.03,
2013-06-21,1.05,
2013-06-22,.,No value available
2013-06-23,.,No value available
2013-06-24,1.11,
2013-06-25,1.11,
2013-06-26,1.08,
2013-06-27,1.03,
2013-06-28,1.04,
2013-06-29,.,No value available
2013-06-30,.,No value available
2013-07-01,1.13,
2013-07-02,1.08,
2013-07-03,1.08,
2013-07-04,1.09,
2013-07-05,1.01,
2013-07-06,.,No value available
2013-07-07,.,No value available
2013-07-08,1.01,
2013-07-09,1.00,
2013-07-10,0.97,
2013-07-11,0.98,
2013-07-12,1.00,
2013-07-13,.,No value available
2013-07-14,.,No value available
2013-07-15,1.01,
2013-07-16,1.00,
2013-07-17,0.99,
2013-07-18,0.95,
2013-07-19,0.94,
2013-07-20,.,No value available
2013-07-21,.,No value available
2013-07-22,0.95,
2013-07-23,0.97,
2013-07-24,1.00,
2013-07-25,1.01,
2013-07-26,1.02,
2013-07-27,.,No value available
2013-07-28,.,No value available
2013-07-29,1.03,
2013-07-30,1.02,
2013-07-31,1.04,
2013-08-01,1.00,
2013-08-02,1.06,
2013-08-03,.,No value available
2013-08-04,.,No value available
2013-08-05,1.04,
2013-08-06,1.06,
2013-08-07,1.05,
2013-08-08,1.05,
2013-08-09,1.04,
2013-08-10,.,No value available
2013-08-11,.,No value available
2013-08-12,1.05,
2013-08-13,1.06,
2013-08-14,1.09,
2013-08-15,1.09,
2013-08-16,1.11,
2013-08-17,.,No value available
2013-08-18,.,No value available
2013-08-19,1.13,
2013-08-20,1.12,
2013-08-21,1.11,
2013-08-22,1.15,
2013-08-23,1.19,
2013-08-24,.,No value available
2013-08-25,.,No value available
2013-08-26,1.18,
2013-08-27,1.16,
2013-08-28,1.13,
2013-08-29,1.15,
2013-08-30,1.14,
2013-08-31,.,No value available
2013-09-01,.,No value available
2013-09-02,1.21,
2013-09-03,1.20,
2013-09-04,1.22,
2013-09-05,1.25,
2013-09-06,1.27,
2013-09-07,.,No value available
2013-09-08,.,No value available
2013-09-09,1.24,
2013-09-10,1.25,
2013-09-11,1.26,
2013-09-12,1.22,
2013-09-13,1.21,
2013-09-14,.,No value available
2013-09-15,.,No value available
2013-09-16,1.16,
2013-09-17,1.16,
2013-09-18,1.18,
2013-09-19,1.11,
2013-09-20,1.13,
2013-09-21,.,No value available
2013-09-22,.,No value available
2013-09-23,1.14,
2013-09-24,1.09,
2013-09-25,1.08,
2013-09-26,1.07,
2013-09-27,1.07,
2013-09-28,.,No value available
2013-09-29,.,No value available
2013-09-30,1.04,
2013-10-01,1.08,
2013-10-02,1.08,
2013-10-03,1.09,
2013-10-04,1.09,
2013-10-05,.,No value available
2013-10-06,.,No value available
2013-10-07,1.10,
2013-10-08,1.11,
2013-10-09,1.09,
2013-10-10,1.11,
2013-10-11,1.10,
2013-10-12,.,No value available
2013-10-13,.,No value available
2013-10-14,1.09,
2013-10-15,1.10,
2013-10-16,1.11,
2013-10-17,1.09,
2013-10-18,1.06,
2013-10-19,.,No value available
2013-10-20,.,No value available
2013-10-21,1.05,
2013-10-22,1.06,
2013-10-23,1.01,
2013-10-24,1.01,
2013-10-25,1.02,
2013-10-26,.,No value available
2013-10-27,.,No value available
2013-10-28,1.02,
2013-10-29,1.02,
2013-10-30,1.00,
2013-10-31,0.96,
2013-11-01,0.95,
2013-11-02,.,No value available
2013-11-03,.,No value available
2013-11-04,0.94,
2013-11-05,0.95,
2013-11-06,0.96,
2013-11-07,0.96,
2013-11-08,0.90,
2013-11-09,.,No value available
2013-11-10,.,No value available
2013-11-11,0.91,
2013-11-12,0.92,
2013-11-13,0.90,
2013-11-14,0.88,
2013-11-15,0.88,
2013-11-16,.,No value available
2013-11-17,.,No value available
2013-11-18,0.89,
2013-11-19,0.89,
2013-11-20,0.90,
2013-11-21,0.88,
2013-11-22,0.87,
2013-11-23,.,No value available
2013-11-24,.,No value available
2013-11-25,0.88,
2013-11-26,0.86,
2013-11-27,0.86,
2013-11-28,0.87,
2013-11-29,0.86,
2013-11-30,.,No value available
2013-12-01,.,No value available
2013-12-02,0.88,
2013-12-03,0.88,
2013-12-04,0.87,
2013-12-05,0.90,
2013-12-06,0.93,
2013-12-07,.,No value available
2013-12-08,.,No value available
2013-12-09,0.93,
2013-12-10,0.93,
2013-12-11,0.92,
2013-12-12,0.93,
2013-12-13,0.94,
2013-12-14,.,No value available
2013-12-15,.,No value available
2013-12-16,0.93,
2013-12-17,0.94,
2013-12-18,0.93,
2013-12-19,0.94,
2013-12-20,0.94,
2013-12-21,.,No value available
2013-12-22,.,No value available
2013-12-23,0.96,
2013-12-24,.,No value available
2013-12-25,.,No value available
2013-12-26,.,No value available
2013-12-27,0.99,
2013-12-28,.,No value available
2013-12-29,.,No value available
2013-12-30,1.02,
2013-12-31,.,No value available
2014-01-01,.,No value available
2014-01-02,1.04,
2014-01-03,1.03,
2014-01-04,.,No value available
2014-01-05,.,No value available
2014-01-06,1.01,
2014-01-07,0.99,
2014-01-08,1.00,
2014-01-09,1.02,
2014-01-10,1.01,
2014-01-11,.,No value available
2014-01-12,.,No value available
2014-01-13,0.97,
2014-01-14,0.97,
2014-01-15,0.97,
2014-01-16,0.98,
2014-01-17,0.94,
2014-01-18,.,No value available
2014-01-19,.,No value available
2014-01-20,0.93,
2014-01-21,0.93,
2014-01-22,0.93,
2014-01-23,0.94,
2014-01-24,0.91,
2014-01-25,.,No value available
2014-01-26,.,No value available
2014-01-27,0.92,
2014-01-28,0.92,
2014-01-29,0.91,
2014-01-30,0.89,
2014-01-31,0.83,
2014-02-01,.,No value available
2014-02-02,.,No value available
2014-02-03,0.83,
2014-02-04,0.82,
2014-02-05,0.81,
2014-02-06,0.82,
2014-02-07,0.83,
2014-02-08,.,No value available
2014-02-09,.,No value available
2014-02-10,0.81,
2014-02-11,0.83,
2014-02-12,0.82,
2014-02-13,0.81,
2014-02-14,0.81,
2014-02-15,.,No value available
2014-02-16,.,No value available
2014-02-17,0.81,
2014-02-18,0.80,
2014-02-19,0.79,
2014-02-20,0.79,
2014-02-21,0.80,
2014-02-22,.,No value available
2014-02-23,.,No value available
2014-02-24,0.80,
2014-02-25,0.82,
2014-02-26,0.80,
2014-02-27,0.77,
2014-02-28,0.78,
2014-03-01,.,No value available
2014-03-02,.,No value available
2014-03-03,0.79,
2014-03-04,0.79,
2014-03-05,0.79,
2014-03-06,0.79,
2014-03-07,0.82,
2014-03-08,.,No value available
2014-03-09,.,No value available
2014-03-10,0.82,
2014-03-11,0.81,
2014-03-12,0.80,
2014-03-13,0.78,
2014-03-14,0.75,
2014-03-15,.,No value available
2014-03-16,.,No value available
2014-03-17,0.77,
2014-03-18,0.78,
2014-03-19,0.78,
2014-03-20,0.83,
2014-03-21,0.83,
2014-03-22,.,No value available
2014-03-23,.,No value available
2014-03-24,0.84,
2014-03-25,0.81,
2014-03-26,0.79,
2014-03-27,0.78,
2014-03-28,0.76,
2014-03-29,.,No value available
2014-03-30,.,No value available
2014-03-31,0.77,
2014-04-01,0.81,
2014-04-02,0.82,
2014-04-03,0.83,
2014-04-04,0.82,
2014-04-05,.,No value available
2014-04-06,.,No value available
2014-04-07,0.77,
2014-04-08,0.77,
2014-04-09,0.79,
2014-04-10,0.77,
2014-04-11,0.77,
2014-04-12,.,No value available
2014-04-13,.,No value available
2014-04-14,0.75,
2014-04-15,0.76,
2014-04-16,0.74,
2014-04-17,0.74,
2014-04-18,.,No value available
2014-04-19,.,No value available
2014-04-20,.,No value available
2014-04-21,.,No value available
2014-04-22,0.77,
2014-04-23,0.76,
2014-04-24,0.78,
2014-04-25,0.78,
2014-04-26,.,No value available
2014-04-27,.,No value available
2014-04-28,0.78,
2014-04-29,0.79,
2014-04-30,0.76,
2014-05-01,.,No value available
2014-05-02,0.76,
2014-05-03,.,No value available
2014-05-04,.,No value available
2014-05-05,0.75,
2014-05-06,0.76,
2014-05-07,0.76,
2014-05-08,0.77,
2014-05-09,0.72,
2014-05-10,.,No value available
2014-05-11,.,No value available
2014-05-12,0.73,
2014-05-13,0.72,
2014-05-14,0.67,
2014-05-15,0.63,
2014-05-16,0.61,
2014-05-17,.,No value available
2014-05-18,.,No value available
2014-05-19,0.62,
2014-05-20,0.63,
2014-05-21,0.64,
2014-05-22,0.64,
2014-05-23,0.63,
2014-05-24,.,No value available
2014-05-25,.,No value available
2014-05-26,0.62,
2014-05-27,0.61,
2014-05-28,0.60,
2014-05-29,0.59,
2014-05-30,0.60,
2014-05-31,.,No value available
2014-06-01,.,No value available
2014-06-02,0.61,
2014-06-03,0.62,
2014-06-04,0.63,
2014-06-05,0.62,
2014-06-06,0.56,
2014-06-07,.,No value available
2014-06-08,.,No value available
2014-06-09,0.56,
2014-06-10,0.57,
2014-06-11,0.59,
2014-06-12,0.56,
2014-06-13,0.57,
2014-06-14,.,No value available
2014-06-15,.,No value available
2014-06-16,0.54,
2014-06-17,0.55,
2014-06-18,0.57,
2014-06-19,0.55,
2014-06-20,0.54,
2014-06-21,.,No value available
2014-06-22,.,No value available
2014-06-23,0.54,
2014-06-24,0.54,
2014-06-25,0.53,
2014-06-26,0.52,
2014-06-27,0.51,
2014-06-28,.,No value available
2014-06-29,.,No value available
2014-06-30,0.52,
2014-07-01,0.53,
2014-07-02,0.52,
2014-07-03,0.54,
2014-07-04,0.52,
2014-07-05,.,No value available
2014-07-06,.,No value available
2014-07-07,0.53,
2014-07-08,0.52,
2014-07-09,0.51,
2014-07-10,0.49,
2014-07-11,0.50,
2014-07-12,.,No value available
2014-07-13,.,No value available
2014-07-14,0.50,
2014-07-15,0.49,
2014-07-16,0.50,
2014-07-17,0.49,
2014-07-18,0.49,
2014-07-19,.,No value available
2014-07-20,.,No value available
2014-07-21,0.49,
2014-07-22,0.49,
2014-07-23,0.50,
2014-07-24,0.50,
2014-07-25,0.50,
2014-07-26,.,No value available
2014-07-27,.,No value available
2014-07-28,0.49,
2014-07-29,0.49,
2014-07-30,0.49,
2014-07-31,0.50,
2014-08-01,0.51,
2014-08-02,.,No value available
2014-08-03,.,No value available
2014-08-04,0.50,
2014-08-05,0.51,
2014-08-06,0.50,
2014-08-07,0.48,
2014-08-08,0.47,
2014-08-09,.,No value available
2014-08-10,.,No value available
2014-08-11,0.48,
2014-08-12,0.47,
2014-08-13,0.47,
2014-08-14,0.45,
2014-08-15,0.45,
2014-08-16,.,No value available
2014-08-17,.,No value available
2014-08-18,0.44,
2014-08-19,0.44,
2014-08-20,0.44,
2014-08-21,0.43,
2014-08-22,0.41,
2014-08-23,.,No value available
2014-08-24,.,No value available
2014-08-25,0.37,
2014-08-26,0.37,
2014-08-27,0.37,
2014-08-28,0.38,
2014-08-29,0.37,
2014-08-30,.,No value available
2014-08-31,.,No value available
2014-09-01,0.35,
2014-09-02,0.35,
2014-09-03,0.34,
2014-09-04,0.34,
2014-09-05,0.31,
2014-09-06,.,No value available
2014-09-07,.,No value available
2014-09-08,0.29,
2014-09-09,0.31,
2014-09-10,0.30,
2014-09-11,0.30,
2014-09-12,0.30,
2014-09-13,.,No value available
2014-09-14,.,No value available
2014-09-15,0.30,
2014-09-16,0.30,
2014-09-17,0.30,
2014-09-18,0.31,
2014-09-19,0.32,
2014-09-20,.,No value available
2014-09-21,.,No value available
2014-09-22,0.29,
2014-09-23,0.30,
2014-09-24,0.31,
2014-09-25,0.30,
2014-09-26,0.28,
2014-09-27,.,No value available
2014-09-28,.,No value available
2014-09-29,0.28,
2014-09-30,0.28,
2014-10-01,0.29,
2014-10-02,0.29,
2014-10-03,.,No value available
2014-10-04,.,No value available
2014-10-05,.,No value available
2014-10-06,0.29,
2014-10-07,0.30,
2014-10-08,0.29,
2014-10-09,0.28,
2014-10-10,0.29,
2014-10-11,.,No value available
2014-10-12,.,No value available
2014-10-13,0.30,
2014-10-14,0.29,
2014-10-15,0.28,
2014-10-16,0.28,
2014-10-17,0.31,
2014-10-18,.,No value available
2014-10-19,.,No value available
2014-10-20,0.29,
2014-10-21,0.30,
2014-10-22,0.30,
2014-10-23,0.30,
2014-10-24,0.30,
2014-10-25,.,No value available
2014-10-26,.,No value available
2014-10-27,0.30,
2014-10-28,0.30,
2014-10-29,0.29,
2014-10-30,0.28,
2014-10-31,0.27,
2014-11-01,.,No value available
2014-11-02,.,No value available
2014-11-03,0.26,
2014-11-04,0.25,
2014-11-05,0.25,
2014-11-06,0.25,
2014-11-07,0.25,
2014-11-08,.,No value available
2014-11-09,.,No value available
2014-11-10,0.24,
2014-11-11,0.25,
2014-11-12,0.24,
2014-11-13,0.24,
2014-11-14,0.23,
2014-11-15,.,No value available
2014-11-16,.,No value available
2014-11-17,0.23,
2014-11-18,0.23,
2014-11-19,0.25,
2014-11-20,0.25,
2014-11-21,0.23,
2014-11-22,.,No value available
2014-11-23,.,No value available
2014-11-24,0.23,
2014-11-25,0.22,
2014-11-26,0.20,
2014-11-27,0.20,
2014-11-28,0.20,
2014-11-29,.,No value available
2014-11-30,.,No value available
2014-12-01,0.21,
2014-12-02,0.22,
2014-12-03,0.21,
2014-12-04,0.21,
2014-12-05,0.21,
2014-12-06,.,No value available
2014-12-07,.,No value available
2014-12-08,0.21,
2014-12-09,0.21,
2014-12-10,0.21,
2014-12-11,0.20,
2014-12-12,0.20,
2014-12-13,.,No value available
2014-12-14,.,No value available
2014-12-15,0.20,
2014-12-16,0.21,
2014-12-17,0.22,
2014-12-18,0.21,
2014-12-19,0.21,
2014-12-20,.,No value available
2014-12-21,.,No value available
2014-12-22,0.20,
2014-12-23,0.20,
2014-12-24,.,No value available
2014-12-25,.,No value available
2014-12-26,.,No value available
2014-12-27,.,No value available
2014-12-28,.,No value available
2014-12-29,0.19,
2014-12-30,0.18,
2014-12-31,.,No value available
2015-01-01,.,No value available
2015-01-02,0.17,
2015-01-03,.,No value available
2015-01-04,.,No value available
2015-01-05,0.16,
2015-01-06,0.15,
2015-01-07,0.15,
2015-01-08,0.15,
2015-01-09,0.15,
2015-01-10,.,No value available
2015-01-11,.,No value available
2015-01-12,0.15,
2015-01-13,0.13,
2015-01-14,0.13,
2015-01-15,0.12,
2015-01-16,0.10,
2015-01-17,.,No value available
2015-01-18,.,No value available
2015-01-19,0.10,
2015-01-20,0.11,
2015-01-21,0.12,
2015-01-22,0.14,
2015-01-23,0.10,
2015-01-24,.,No value available
2015-01-25,.,No value available
2015-01-26,0.10,
2015-01-27,0.11,
2015-01-28,0.11,
2015-01-29,0.12,
2015-01-30,0.13,
2015-01-31,.,No value available
2015-02-01,.,No value available
2015-02-02,0.16,
2015-02-03,0.16,
2015-02-04,0.15,
2015-02-05,0.16,
2015-02-06,0.16,
2015-02-07,.,No value available
2015-02-08,.,No value available
2015-02-09,0.15,
2015-02-10,0.16,
2015-02-11,0.16,
2015-02-12,0.15,
2015-02-13,0.15,
2015-02-14,.,No value available
2015-02-15,.,No value available
2015-02-16,0.14,
2015-02-17,0.14,
2015-02-18,0.15,
2015-02-19,0.14,
2015-02-20,0.14,
2015-02-21,.,No value available
2015-02-22,.,No value available
2015-02-23,0.13,
2015-02-24,0.13,
2015-02-25,0.12,
2015-02-26,0.10,
2015-02-27,0.10,
