"","V1","V2","V3","V4","V5","V6","V7","V8","V9","V10","V11","V12","V13","V14","V15","V16","V17","V18","V19","V20","V21","V22","V23","V24","V25","V26","V27","V28","V29","V30","V31","V32","V33","V34","V35","V36","V37","V38","V39","V40","V41","V42","V43","V44","V45","V46","V47","V48","V49","V50","V51","V52","V53","V54","V55","V56","V57","V58","V59","V60","V61","V62","V63","V64","V65","V66","V67","V68","V69","V70","V71","V72","V73","V74","V75","V76","V77","V78","V79","V80","V81","V82","V83","V84","V85","V86","V87","V88","V89","V90","V91","V92","V93","V94","V95","V96","V97","V98","V99","V100","V101","V102","V103","V104","V105","V106","V107","V108","V109","V110","V111"
"IPx",62,83,90,108,91,65,89,88,69,89,69,73,71,82,92,150,161,162,172,168,167,169,171,175,175,171,174,183,165,177,172,184,164,146,142,145,171,170,219,244,222,227,220,173,143,130,146,171,164,190,205,189,190,186,184,182,175,175,174,192,171,162,170,165,169,161,164,163,172,185,172,166,166,170,157,157,167,165,157,158,156,159,159,159,167,161,164,163,159,162,163,164,163,159,161,165,168,168,168,173,176,183,163,176,178,181,185,180,172,176,165
"WHOUR",8,4,4,4,4,4,4,14,15,15,20,16,15,12,9,1,1,1,1,1,1,1,1,1,1,1,1,1,1,1,1,1,1,1,1,1,2,15,25,66,143,198,243,255,240,218,249,259,252,243,244,244,242,242,241,215,209,188,177,164,163,159,159,158,158,158,155,155,153,148,146,146,145,145,145,145,143,143,143,143,142,143,143,143,139,140,138,139,139,140,140,139,140,139,139,138,138,137,138,138,137,136,137,140,137,153,146,147,153,147,148
"IS.M",1,1,1,1,1,1,1,8,9,19,32,41,44,52,55,4,7,7,4,7,19,20,23,27,27,35,38,49,51,52,51,52,51,39,38,32,26,18,17,19,17,30,60,86,99,107,107,101,94,92,92,92,92,90,89,76,76,70,67,66,63,62,62,61,58,58,56,56,58,58,57,56,57,57,57,57,53,54,55,57,57,57,57,58,58,61,66,67,74,75,75,74,74,76,74,74,74,75,74,74,74,74,74,75,80,86,90,96,93,89,68
"IS.D",2,2,2,2,2,2,2,10,10,18,30,30,34,33,33,2,2,2,2,2,3,3,4,5,5,10,15,24,28,28,26,23,22,19,18,11,10,7,9,12,16,26,43,55,67,72,69,65,64,61,62,60,62,60,58,48,47,46,45,45,45,45,45,45,44,44,43,43,45,44,43,43,43,44,43,43,38,38,38,38,39,39,39,39,42,43,43,43,47,48,49,50,48,50,49,48,50,50,50,50,50,50,50,54,58,63,67,65,71,68,57
"IS.3M",3,3,3,3,3,3,7,22,23,34,43,71,78,93,99,18,24,24,24,27,33,35,42,49,52,58,63,75,96,96,90,80,80,70,70,55,42,27,22,15,13,17,30,43,64,69,65,63,59,50,54,51,51,49,49,43,41,40,40,39,39,39,37,36,34,34,34,34,34,35,35,34,34,32,30,30,28,26,26,26,26,25,25,25,26,29,30,35,40,42,44,44,43,47,46,43,46,46,46,45,45,44,48,51,55,56,62,61,65,66,34
"IL.3",21,17,15,16,19,26,35,47,51,52,56,75,79,83,80,38,40,42,39,43,49,50,57,59,60,66,68,78,81,78,80,77,82,87,84,80,72,54,36,43,46,86,133,153,173,183,180,170,153,145,145,143,143,142,142,129,125,119,116,111,106,102,106,103,101,99,99,99,99,99,97,96,99,99,100,100,104,103,114,117,125,124,124,126,130,133,137,146,157,171,170,174,160,183,166,150,152,151,151,151,151,151,151,180,191,211,236,238,246,246,158
"IL.5",19,16,14,13,13,20,28,31,33,36,38,43,45,45,44,24,25,23,23,23,25,25,28,28,29,33,36,44,47,46,46,44,43,43,42,44,36,26,23,37,48,87,135,157,179,188,184,176,159,152,154,151,149,145,144,135,130,126,121,118,113,108,110,109,107,104,104,104,105,106,105,105,104,104,104,105,117,119,128,128,132,131,131,134,143,146,151,167,194,208,209,209,195,226,201,180,188,185,180,177,175,185,193,210,234,247,263,265,255,263,212
"IL.10",18,13,10,7,6,9,23,29,29,28,28,26,27,28,26,8,10,8,7,6,8,8,10,11,11,16,16,17,23,23,22,19,20,22,21,20,19,17,20,30,45,92,134,159,180,191,185,178,165,154,157,154,151,148,148,139,136,128,127,123,120,117,117,116,113,111,108,108,110,109,109,108,108,108,109,111,128,131,132,134,140,139,139,141,151,154,169,188,218,236,235,237,222,245,225,201,209,208,201,199,196,206,212,237,254,266,251,246,243,254,238
"SPR.C.G",43,48,44,54,32,24,19,16,13,7,15,18,18,18,16,30,28,28,27,25,23,23,22,20,20,20,20,23,24,24,24,20,17,5,5,5,6,8,10,11,11,8,8,8,8,8,8,15,21,29,29,33,35,41,41,53,59,61,71,75,76,79,77,80,84,84,87,88,86,89,89,89,89,88,86,86,84,84,84,84,82,83,86,86,82,82,81,80,77,76,76,76,79,74,77,79,79,80,82,83,84,84,80,78,77,76,75,73,74,74,88
"SPR.10Y.M",5,6,7,12,31,43,83,156,169,253,219,128,129,129,125,75,86,86,86,92,99,101,113,126,126,137,147,165,176,178,164,153,148,117,118,105,97,90,66,49,37,51,70,81,90,96,94,83,81,76,77,74,73,72,72,63,61,58,58,57,55,53,48,48,50,51,51,51,51,51,51,52,50,49,49,47,39,39,35,35,33,33,33,32,28,27,26,25,25,25,25,25,25,25,24,25,26,26,26,26,26,24,24,25,25,26,26,26,24,24,20
"SPR.10Y.D",4,5,5,6,12,22,37,94,111,168,246,173,175,193,186,29,35,36,33,35,41,43,53,57,57,57,59,64,72,72,71,68,63,59,58,46,33,29,31,24,27,36,39,36,43,43,42,43,43,44,44,44,42,39,38,34,34,35,35,40,42,41,41,41,41,41,41,41,41,41,41,41,41,41,39,35,26,25,24,23,22,22,22,22,22,22,22,22,22,22,21,21,21,21,21,21,21,21,21,21,21,21,21,21,21,21,21,20,20,20,22
"SPR.10Y.3M",7,8,11,26,59,77,164,267,266,188,129,66,67,65,65,131,154,157,143,158,189,193,224,232,231,254,265,227,178,180,197,251,265,227,221,152,118,97,61,44,30,27,35,41,50,56,53,46,41,38,36,35,34,32,31,30,30,29,30,31,31,32,31,31,33,33,33,33,31,31,31,31,27,28,25,25,20,19,19,19,19,19,19,19,19,19,19,18,18,19,18,18,18,18,19,18,17,17,17,17,17,17,17,17,17,17,17,18,17,17,14
"SPR.1D.M",25,23,22,17,22,28,36,68,72,73,105,67,66,56,51,10,11,10,14,14,9,9,8,8,7,7,7,9,12,12,10,3,3,3,3,3,3,5,18,53,106,111,86,72,69,66,75,102,111,129,127,128,133,135,137,150,157,160,166,191,204,203,197,203,209,212,218,219,221,226,229,228,226,235,230,230,227,234,226,223,219,220,223,217,208,205,200,189,175,170,171,171,175,165,169,181,178,178,183,183,184,192,170,183,180,191,196,211,215,234,167
"VOLA1",64,60,61,53,27,14,9,5,5,5,8,13,14,16,15,44,46,45,44,42,39,37,37,37,36,37,35,40,39,39,38,40,36,34,33,33,35,40,47,72,62,40,41,49,49,44,47,47,50,53,51,52,52,52,52,58,58,60,60,64,66,66,65,66,66,66,66,66,66,66,64,64,65,65,66,65,56,55,53,53,47,47,47,47,46,45,44,44,45,46,46,46,45,46,45,45,45,45,44,44,43,43,44,44,44,44,44,68,112,141,219
"VOLA2",39,41,39,42,25,12,10,6,7,3,7,14,16,21,21,37,41,40,38,37,34,33,34,34,34,36,32,33,36,36,34,37,33,32,32,31,34,44,53,70,59,33,29,34,36,37,36,37,38,41,40,40,40,44,40,46,46,48,46,48,56,57,54,54,54,56,55,55,54,56,56,55,54,53,52,50,43,42,40,40,37,37,37,37,34,32,32,32,33,33,33,33,33,34,33,32,32,32,32,32,32,32,33,33,34,34,32,45,90,113,179
"ZEW",11,14,17,20,30,41,63,80,84,74,77,63,68,72,68,33,57,61,61,71,77,78,83,86,88,93,94,111,119,118,114,101,95,81,83,67,55,34,19,10,10,10,18,21,21,22,19,21,20,20,18,17,17,17,16,16,16,16,17,17,17,18,16,17,19,25,26,27,26,26,30,29,26,26,24,24,19,20,20,21,21,21,21,20,21,21,20,20,19,18,19,19,19,19,18,17,18,18,18,18,18,18,18,19,20,20,20,19,19,19,21
"GFK.EXP",57,66,71,96,151,216,194,108,83,26,3,4,3,2,2,109,112,114,113,115,124,127,130,130,131,134,143,145,140,137,136,148,147,152,150,162,163,189,250,232,214,192,176,164,166,164,162,163,166,169,170,169,170,168,169,172,174,170,176,184,186,187,186,187,188,187,188,188,189,188,183,183,182,185,184,184,181,182,178,179,178,179,178,178,180,180,180,185,186,187,187,187,188,189,183,183,183,182,184,184,182,182,149,141,135,129,129,134,127,118,123
"CAPA",44,61,57,58,41,32,25,20,20,11,33,37,38,36,43,41,31,33,40,39,36,39,35,35,35,30,30,30,26,26,28,34,40,64,62,77,93,130,222,226,208,172,158,144,140,134,133,142,146,150,146,146,148,152,153,158,161,155,151,153,154,151,148,152,156,155,154,154,154,160,165,162,158,158,156,156,150,149,148,147,144,146,147,146,142,141,139,137,133,133,133,133,133,133,133,133,133,133,135,135,138,138,133,132,127,128,125,131,130,122,117
"OECDL1",267,266,265,250,253,260,237,226,220,208,204,257,260,232,238,74,62,63,64,61,53,53,48,46,45,42,43,38,32,33,35,47,48,55,50,59,74,79,75,89,78,68,72,65,56,53,67,93,103,114,114,119,123,126,126,133,135,135,133,134,134,132,133,132,130,128,128,128,128,126,125,125,125,125,128,128,131,130,127,126,122,121,120,119,116,116,114,118,114,113,113,113,115,113,114,118,115,115,115,116,116,115,115,116,113,114,118,123,124,116,114
"OECDL3",266,265,264,248,252,261,238,227,221,209,205,258,261,231,237,73,63,64,65,62,54,54,49,47,46,43,44,39,33,34,36,48,49,56,51,60,73,78,74,88,77,67,71,64,55,52,66,92,102,113,113,118,122,125,125,132,134,134,132,133,133,131,132,131,129,127,127,127,127,125,124,124,124,124,127,127,130,129,126,125,121,120,119,118,115,115,113,117,113,112,112,112,114,112,113,117,114,114,114,115,115,114,114,115,112,113,117,122,123,115,113
"IFO.C",53,39,38,22,11,11,13,17,18,13,14,11,10,10,11,6,5,6,8,8,6,6,6,6,8,6,6,5,5,5,6,7,10,18,16,21,24,36,38,50,53,65,75,76,70,67,68,79,85,93,93,94,94,94,94,94,95,94,94,96,94,94,94,93,90,88,88,87,87,85,87,85,85,85,88,89,89,89,90,90,92,92,92,92,92,92,92,93,92,92,92,92,92,91,92,92,90,90,90,90,90,89,88,89,94,95,98,100,101,93,89
"IFO.EXP",12,12,12,11,10,15,24,27,28,32,34,23,23,26,24,3,3,3,3,3,2,2,2,2,2,2,2,2,2,2,2,2,2,2,2,2,1,1,2,5,6,6,6,6,6,6,6,7,10,11,10,10,10,9,9,9,10,10,10,12,12,12,11,11,10,10,10,10,11,11,10,10,11,11,11,11,11,11,10,10,10,10,10,10,10,10,10,10,10,10,10,10,9,9,9,8,8,8,8,8,8,8,8,9,9,9,10,11,11,11,11
"IFOM.C",37,34,29,21,16,18,22,26,27,31,31,21,20,19,17,7,6,5,6,5,5,5,5,4,4,4,4,4,4,4,4,5,4,8,6,15,20,22,27,29,33,39,36,31,30,31,31,52,60,75,75,77,84,86,87,89,90,89,90,91,90,90,90,89,86,85,84,83,85,84,84,84,84,84,85,85,85,85,85,85,85,84,83,83,84,84,83,86,83,83,83,83,85,81,83,82,80,79,79,79,79,79,77,77,82,83,86,92,87,88,81
"IFOM.EXP",10,10,13,15,21,27,33,42,47,69,96,68,72,78,74,13,16,16,12,12,11,10,11,10,9,9,9,11,13,13,13,9,6,4,4,4,4,2,3,2,4,4,4,4,4,4,4,4,5,8,8,8,8,8,8,8,8,8,8,8,8,8,8,8,8,8,8,8,8,8,8,7,7,7,7,6,6,6,6,6,6,6,5,5,5,5,5,6,6,6,6,6,6,5,5,5,5,5,5,5,5,5,5,5,5,5,5,6,5,5,5
"IFOMI.C",32,24,23,14,9,8,18,23,22,27,26,19,19,17,14,5,4,4,5,4,4,4,3,3,3,3,3,3,3,3,3,4,5,14,14,17,22,25,32,31,32,38,33,29,26,26,30,50,61,78,78,87,90,92,93,96,99,100,100,102,103,105,104,104,102,103,103,103,102,102,102,101,102,103,102,102,101,100,99,99,99,98,98,98,99,99,99,99,97,97,97,97,97,97,97,97,97,97,97,97,97,95,94,96,99,99,107,109,110,105,99
"IFOMI.EXP",9,9,9,9,15,21,31,37,45,61,90,80,81,89,83,16,18,17,15,15,16,15,18,18,17,17,17,14,15,16,14,13,15,15,13,8,9,9,5,6,5,7,7,7,7,7,7,6,9,9,9,9,9,10,10,11,11,11,11,14,13,13,12,12,11,11,11,11,10,10,11,11,10,10,10,10,9,9,9,9,8,9,8,8,8,8,8,8,8,8,8,9,8,8,8,9,9,9,9,9,9,9,9,8,8,8,8,8,9,9,9
"IFOMV.C",55,52,55,48,38,44,41,61,68,84,66,39,39,39,36,14,8,9,13,13,10,12,9,9,10,8,8,7,7,7,7,8,8,11,8,14,18,20,29,36,36,45,40,33,32,32,32,56,62,74,74,76,80,80,81,86,86,86,84,84,83,83,83,83,78,77,77,77,78,76,76,76,76,76,77,77,77,76,76,75,76,76,76,76,75,75,75,75,73,73,73,73,70,71,72,70,69,69,68,68,68,68,67,70,70,73,76,74,77,77,72
"IFOMV.EXP",15,19,21,28,44,51,73,97,102,145,171,131,130,136,132,23,22,21,20,18,20,19,19,19,19,19,19,16,19,19,20,18,14,9,10,7,11,6,6,7,7,5,5,5,5,5,5,5,4,7,7,6,6,6,6,5,5,5,6,7,7,7,6,5,5,5,5,5,6,6,5,5,5,5,4,4,4,4,4,4,4,4,4,4,4,4,4,4,4,4,4,4,4,4,4,4,4,4,4,4,4,4,4,4,4,4,4,4,4,4,4
"IFOWH.C",119,82,74,63,55,60,34,24,25,14,11,6,7,6,6,15,9,11,17,17,15,18,15,16,18,15,14,13,10,9,11,11,12,21,20,25,29,43,48,75,110,132,132,128,121,120,120,122,124,125,125,126,126,122,122,121,121,122,124,121,122,118,122,118,118,116,113,113,113,112,111,111,112,111,117,116,118,116,117,116,116,116,116,116,117,117,120,125,124,123,123,123,124,124,125,124,121,121,121,121,121,123,120,122,123,127,132,136,135,127,122
"IFOWH.EXP",87,71,65,59,50,49,32,21,21,10,5,3,4,3,3,17,14,14,16,16,13,14,13,13,15,12,10,10,9,8,9,10,9,7,7,13,17,21,24,42,42,55,63,69,63,61,63,69,78,81,79,83,82,79,78,80,79,79,77,77,74,74,74,74,73,71,70,68,72,68,68,68,68,68,71,69,70,69,69,68,65,65,65,65,66,66,63,65,63,63,62,62,63,62,62,63,62,62,62,62,62,62,62,64,65,68,71,70,72,69,65
"ESI.INDU",176,142,129,105,77,83,67,74,77,85,72,40,40,37,37,28,26,27,30,29,27,28,26,25,26,25,25,20,16,15,17,24,24,31,30,35,44,58,58,81,99,96,91,88,80,75,83,97,99,104,106,106,110,112,112,119,120,124,125,131,128,127,127,127,125,124,124,124,123,122,119,120,123,123,126,126,127,124,120,120,123,119,118,120,118,118,115,120,115,114,114,114,112,114,112,115,113,113,113,113,114,113,116,117,114,115,119,120,121,114,112
"ESI.SERV",221,208,199,159,81,45,21,7,3,2,4,10,8,8,8,123,115,113,110,107,100,96,96,96,95,96,93,80,67,68,68,76,88,89,80,84,98,113,112,115,114,110,113,106,105,100,102,105,104,106,105,104,103,103,103,104,105,104,104,104,102,101,101,100,100,100,100,100,101,98,95,94,95,97,96,96,95,94,94,94,93,93,93,93,95,95,94,94,94,94,94,94,93,93,93,93,93,93,93,92,93,91,86,81,78,79,81,83,81,80,74
"ESI.C",47,45,46,72,117,163,254,235,224,135,92,55,55,50,46,167,182,181,178,191,216,219,243,259,255,234,231,192,157,160,170,203,200,214,201,248,265,247,260,245,255,239,205,165,148,138,143,167,181,217,215,220,228,232,232,243,248,262,260,254,253,255,259,251,243,234,224,221,231,214,201,199,207,211,226,226,223,228,227,228,233,231,231,235,238,240,245,265,261,264,265,264,266,265,262,262,257,257,256,257,252,246,237,229,221,218,222,230,233,244,241
"ESI.TRADE",211,219,223,251,221,170,126,43,32,20,6,9,9,9,10,111,96,95,96,94,89,89,82,80,81,75,74,62,59,57,59,64,66,82,81,88,99,106,87,129,111,109,115,115,113,116,113,110,107,99,99,99,99,100,100,98,97,96,96,97,93,91,93,92,89,87,85,86,90,88,86,86,86,87,90,90,93,92,93,93,94,94,94,94,94,94,95,95,95,95,95,95,95,95,95,95,94,94,94,93,92,92,90,91,95,94,96,99,96,92,86
"ESI.CTR",213,180,171,130,79,96,59,34,37,30,19,12,12,11,12,26,23,26,28,28,26,26,25,24,24,21,21,19,14,14,16,25,29,35,34,37,48,67,104,200,261,223,182,167,165,154,158,172,175,197,190,197,198,201,200,221,226,231,243,249,257,267,258,267,256,245,238,235,242,223,212,213,220,223,242,246,267,263,261,255,249,251,254,250,241,238,233,221,206,204,204,203,214,201,206,223,221,221,222,224,233,236,234,225,215,210,193,202,201,204,206
"ESI",257,267,258,188,94,52,20,12,8,4,10,8,6,7,7,77,66,66,69,64,61,61,54,53,54,48,47,42,37,37,40,50,47,48,48,56,63,75,70,95,101,98,94,91,86,81,85,99,100,103,102,103,104,104,105,109,110,108,109,109,108,107,108,106,104,102,101,101,104,101,100,100,101,102,103,103,102,101,101,100,100,100,99,100,101,101,100,104,104,103,103,103,103,103,102,101,99,99,99,99,98,97,97,97,98,98,103,108,108,103,98
"ECBS2",200,215,236,266,206,191,141,109,104,62,44,32,32,29,31,61,51,55,62,60,51,52,46,45,47,45,42,37,34,32,33,45,46,50,49,57,75,85,100,159,185,183,161,143,129,123,124,137,147,172,172,186,191,203,203,234,242,254,262,265,267,265,256,262,265,262,257,256,258,245,237,240,243,250,264,266,256,254,252,251,245,248,248,247,246,242,244,235,240,242,242,243,239,242,239,233,238,238,237,238,236,241,245,256,256,251,260,260,252,255,244
"ECBS3",253,255,213,208,153,147,133,130,125,98,70,44,42,41,41,49,37,41,46,44,40,40,36,36,37,31,31,29,25,25,27,33,35,45,44,51,61,76,83,138,163,151,142,123,116,115,116,126,137,162,161,170,183,197,201,235,246,259,265,261,262,259,251,253,257,264,266,266,266,256,249,252,257,258,262,261,246,246,242,240,236,238,237,237,229,232,234,223,230,232,232,232,232,233,228,225,228,228,227,226,228,233,240,243,242,244,242,244,238,238,230
"ECBS4",164,155,143,123,113,160,159,244,255,257,266,150,146,111,117,34,29,30,35,33,30,31,30,30,30,27,27,25,22,21,23,26,25,30,28,34,40,61,64,98,116,108,98,96,92,86,91,103,108,116,117,120,124,124,124,128,131,129,128,130,125,119,123,121,120,118,115,114,116,113,112,113,115,116,123,124,124,121,118,118,117,117,117,117,114,112,111,121,117,116,116,116,116,116,116,114,116,116,116,114,112,112,117,118,116,119,124,129,132,124,119
"ECBS5",36,35,40,51,53,50,50,69,75,118,143,82,73,62,62,21,17,18,22,21,17,16,14,14,13,11,11,12,11,11,12,12,11,20,17,22,23,24,30,27,28,25,21,18,15,15,21,27,37,49,52,55,55,54,53,57,55,57,52,56,54,51,51,50,49,49,49,49,50,50,50,48,48,48,47,46,41,40,36,36,36,36,36,33,29,28,28,28,26,26,26,26,26,26,26,26,25,25,25,25,25,26,26,26,27,27,27,27,25,25,24
"ECBS6",225,209,204,219,213,199,203,197,195,176,167,163,169,179,175,254,192,194,189,172,144,139,128,123,119,108,101,82,69,69,73,98,108,122,116,176,243,202,135,106,105,118,160,187,225,248,234,218,188,192,195,191,186,179,177,156,152,149,148,148,153,152,147,151,153,154,156,156,157,182,194,191,187,187,175,172,166,166,164,162,161,161,162,161,162,164,168,155,154,156,156,156,153,155,152,152,153,153,152,152,152,154,150,159,152,159,160,172,171,165,154
"ECBS7",95,104,117,173,223,252,191,127,118,72,42,28,28,25,28,169,126,125,140,124,106,107,95,95,96,87,85,63,55,56,62,92,98,113,111,150,207,267,249,231,242,245,250,213,178,167,174,206,219,251,248,253,257,263,265,260,257,253,258,264,263,254,263,254,247,231,226,220,224,209,191,194,201,208,231,232,251,256,263,265,262,265,266,262,261,260,258,244,241,240,240,241,240,238,242,240,251,251,248,250,250,255,258,261,258,254,259,257,250,258,252
"ECCS99",48,46,47,73,118,164,255,236,225,136,93,56,56,51,47,168,183,182,179,192,217,220,244,260,256,235,232,193,158,161,171,204,201,215,202,249,266,248,261,246,256,240,206,166,149,139,144,168,182,218,216,221,229,233,233,244,249,263,261,255,254,256,260,252,244,235,225,222,232,215,202,200,208,212,227,227,224,229,228,229,234,232,232,236,239,241,246,266,262,265,266,265,267,266,263,263,258,258,257,258,253,247,238,230,222,219,223,231,234,245,242
"ECCS1",255,247,237,196,149,125,76,33,31,9,2,2,1,1,1,145,132,129,126,122,112,109,107,104,103,103,102,99,88,87,85,94,96,101,97,103,109,117,103,141,172,207,221,242,256,259,255,238,220,222,223,224,220,214,212,190,185,166,156,154,155,149,152,149,142,138,137,137,139,138,137,137,137,137,140,141,145,147,150,151,154,152,151,154,157,162,172,187,199,207,208,208,199,210,202,192,193,192,188,188,185,193,174,187,183,192,195,207,206,203,190
"ECCS2",96,96,97,161,219,245,172,136,124,51,35,29,29,34,35,132,117,120,117,116,133,134,146,158,161,169,178,200,202,201,198,197,197,208,206,217,240,217,142,136,144,144,166,160,157,149,149,152,155,160,159,158,154,151,151,138,133,130,129,128,124,121,124,120,117,114,112,112,115,111,110,110,111,112,118,119,120,118,119,119,126,126,125,125,127,127,127,133,135,139,139,140,136,140,138,134,134,134,133,133,133,133,126,125,124,126,134,139,140,132,125
"ECCS3",38,43,49,79,125,180,265,189,166,46,24,15,13,14,18,229,260,252,253,252,207,203,180,170,177,156,150,118,109,109,116,130,131,159,156,208,227,261,255,223,220,202,188,194,194,196,198,198,179,173,176,171,167,162,162,154,149,148,145,144,142,142,139,141,148,153,157,160,158,178,190,187,184,183,164,164,157,156,155,154,151,151,152,151,150,149,147,143,140,138,138,138,139,137,140,140,141,141,141,143,143,143,139,142,141,146,142,145,151,140,139
"ECCS4",137,129,124,197,250,243,182,158,155,93,63,42,41,42,40,143,128,124,123,117,98,98,94,93,97,92,91,65,61,61,67,87,90,92,89,90,89,88,68,78,97,95,97,98,93,87,93,104,110,115,115,114,116,116,116,118,117,120,123,126,126,128,128,125,124,123,120,119,124,121,117,115,119,122,121,121,119,115,115,112,113,113,112,112,110,110,109,111,111,110,110,110,110,110,108,109,108,108,108,108,108,108,107,108,109,109,115,118,117,109,104
"ECCS5",74,55,51,43,34,29,26,25,24,12,13,17,17,15,13,42,39,37,36,36,38,36,38,38,38,39,37,45,48,48,48,36,34,29,29,23,12,11,4,8,8,12,25,35,48,54,51,41,36,34,35,36,37,40,39,33,33,33,32,33,33,33,32,32,31,31,30,28,28,32,33,32,28,27,23,21,18,18,18,17,17,17,17,17,18,18,18,17,17,17,17,17,17,16,16,16,16,16,16,16,16,16,16,16,16,16,16,16,16,16,17
"ECCS6",6,7,6,5,7,10,30,48,55,106,174,237,245,170,181,89,103,106,106,114,128,130,140,138,139,142,145,148,146,146,146,151,146,134,129,120,112,91,62,85,118,134,164,174,176,180,177,182,163,146,151,150,146,143,143,127,122,121,122,120,123,124,120,119,122,122,123,123,122,127,128,128,128,128,124,123,116,113,109,109,108,108,109,108,107,107,107,103,102,102,102,102,102,100,101,102,100,100,100,100,101,101,102,105,107,108,114,117,115,108,105
"ECCS7",29,25,28,55,76,121,185,214,223,251,260,133,132,107,97,174,204,202,197,216,240,241,258,240,246,201,197,167,136,133,140,183,187,217,208,262,199,161,138,165,166,166,178,217,239,262,251,224,195,193,197,192,187,182,180,159,155,150,143,145,146,146,143,147,151,157,161,164,159,169,181,182,177,173,163,163,159,158,159,159,157,158,158,158,155,152,152,145,144,145,145,145,147,146,145,144,147,147,148,149,148,147,147,154,147,154,149,159,156,144,146
"ECCS8",50,62,69,106,175,201,224,159,138,39,17,7,11,13,19,105,87,88,95,93,80,80,79,77,77,78,76,72,68,67,66,65,64,69,64,63,59,52,41,45,50,72,96,109,117,119,119,113,109,102,101,100,100,99,99,97,94,90,89,86,85,84,84,84,82,79,79,79,81,79,78,77,78,78,82,82,82,81,82,83,83,82,82,82,85,86,88,89,90,91,91,91,91,92,91,91,92,92,91,91,91,90,87,88,93,93,97,101,100,95,92
"ECCS9",101,132,150,230,231,206,140,79,54,22,9,1,2,4,5,102,91,91,92,89,82,82,81,81,80,80,79,69,65,63,63,70,74,78,76,76,68,60,46,51,63,93,121,120,123,124,123,121,121,120,120,116,115,113,113,108,107,105,103,100,101,100,98,98,98,98,98,97,98,95,93,92,92,93,99,99,99,99,103,103,105,104,104,105,109,109,110,112,118,118,118,119,117,122,119,113,117,118,117,117,113,116,112,114,115,117,121,126,125,119,110
"ECCS10",14,11,8,10,8,6,8,9,11,6,16,20,22,20,20,11,15,15,11,11,14,13,16,15,16,18,18,18,20,18,18,14,13,16,15,12,13,14,16,21,38,97,155,180,205,214,205,192,170,158,165,156,152,153,152,140,140,138,131,132,130,125,126,123,121,119,119,118,117,115,114,114,113,115,111,112,123,126,130,131,136,134,133,138,140,142,148,161,189,203,203,204,191,218,195,170,181,181,175,175,168,178,190,213,246,258,256,252,242,252,250
"ECCS11",52,54,53,78,110,157,225,251,231,143,82,74,74,71,75,53,54,53,52,51,58,58,59,58,58,55,55,56,54,54,54,56,58,71,68,72,85,105,170,222,259,237,208,199,181,177,176,194,193,208,209,208,209,206,207,210,216,205,211,205,208,208,205,205,204,199,195,194,195,191,188,186,189,194,201,199,200,203,208,206,216,212,210,209,204,211,213,217,213,220,219,219,218,223,220,217,213,213,213,212,207,215,178,161,145,139,138,143,141,130,121
"ECCS12",22,18,16,8,5,5,3,2,2,1,1,5,5,5,4,12,13,13,10,10,7,7,7,7,6,5,5,6,6,6,5,6,7,12,9,16,21,32,49,92,146,203,230,262,261,249,263,251,234,228,230,229,223,215,215,193,190,171,163,159,157,157,156,156,154,147,146,145,145,143,139,140,141,142,148,147,152,152,152,153,159,156,156,157,158,160,165,178,181,186,186,186,181,190,180,171,174,173,170,168,165,168,166,188,189,201,213,217,223,230,217
"MT.all",235,251,249,218,185,203,243,233,237,202,218,200,190,154,152,260,199,200,203,183,142,143,126,118,121,111,108,96,90,92,100,109,106,115,109,109,104,110,85,116,109,112,141,134,133,128,127,128,127,133,133,131,131,130,131,136,139,141,141,146,150,150,151,150,146,146,145,146,146,147,147,147,146,147,141,140,139,139,138,139,137,138,138,136,134,134,133,131,130,130,130,130,132,130,130,132,131,131,131,131,131,139,177,222,230,173,123,107,80,72,48
"MT.de",199,259,253,200,164,175,218,223,228,201,220,230,222,181,179,245,194,197,200,180,139,136,123,114,118,110,107,94,86,89,98,105,105,119,117,126,148,155,144,177,130,168,181,183,177,175,172,174,172,191,189,193,192,192,195,197,196,189,196,196,192,192,196,193,189,180,171,170,182,172,163,164,173,184,187,188,195,199,198,202,202,201,201,199,220,221,225,239,247,244,244,242,235,240,237,228,227,227,226,227,224,263,207,164,125,118,94,77,60,52,37
"MT.presence",226,177,182,229,256,238,220,260,257,256,237,197,193,145,142,217,256,259,264,235,190,188,165,161,162,139,134,108,104,108,113,135,133,172,160,173,155,166,156,167,158,164,180,178,172,171,168,173,174,195,194,196,193,190,191,187,187,176,192,194,200,197,202,196,194,191,183,182,190,189,189,184,185,186,167,167,158,159,158,157,158,157,157,156,159,156,154,156,151,151,151,152,151,151,151,151,150,150,150,150,150,177,252,242,153,132,106,85,55,42,27
"MT.future",98,146,145,116,109,120,173,204,204,182,247,253,255,265,267,146,138,132,150,136,102,102,99,98,99,95,92,86,76,83,88,89,89,91,82,75,62,70,57,114,85,85,111,111,111,112,109,109,106,107,107,107,106,105,107,113,115,114,118,125,129,130,130,129,131,131,131,132,132,133,133,132,132,131,131,131,129,127,125,124,118,118,122,121,121,120,116,110,109,109,109,109,111,109,110,110,111,111,111,109,111,121,135,143,190,236,238,196,145,150,111
"MT.climate",190,262,255,209,179,183,236,246,251,217,242,240,236,196,191,233,178,178,187,165,129,125,112,109,110,102,99,87,77,85,93,99,101,107,102,99,94,103,81,134,112,114,143,133,132,126,125,127,126,131,131,130,129,129,129,137,141,140,140,141,148,148,149,148,145,145,142,144,144,145,145,145,143,143,137,137,137,136,136,136,133,133,135,132,132,131,129,130,129,129,129,129,129,129,129,129,129,129,128,128,128,135,165,208,248,189,133,115,88,84,60
"MT.de.present",246,194,197,246,247,253,244,262,263,267,245,238,230,177,173,221,252,261,259,234,184,180,161,150,152,130,126,101,97,98,105,117,120,158,152,185,217,219,183,180,156,213,245,244,249,241,232,234,230,248,249,248,247,248,247,247,240,246,246,245,242,241,247,242,232,225,212,211,218,212,213,211,218,222,233,235,260,262,256,262,266,267,267,263,257,259,253,243,239,237,237,236,242,236,240,247,250,250,251,253,254,238,183,151,122,112,93,72,57,45,33
"MT.de.future",94,137,133,110,106,105,166,196,199,179,254,235,240,255,254,153,148,144,156,151,113,110,105,103,106,100,98,98,93,99,103,96,99,106,100,92,92,101,119,221,129,129,150,137,135,129,128,130,130,137,136,138,139,139,139,151,156,152,149,152,152,153,153,153,150,148,147,147,147,146,144,143,148,149,147,146,149,146,147,148,148,148,148,148,152,151,149,150,149,149,149,149,149,147,148,145,144,144,145,145,146,181,263,244,149,142,128,113,98,102,83
"MT.de.climate",172,226,227,189,154,167,221,237,241,221,248,264,267,241,248,235,184,186,195,173,132,131,116,111,113,106,104,90,79,86,97,100,102,118,114,112,130,142,141,189,133,162,177,168,170,166,160,159,167,178,182,182,181,185,186,189,192,179,187,183,181,179,190,184,176,169,163,162,169,161,157,157,160,166,168,168,185,184,180,185,189,182,182,182,201,199,199,212,215,212,213,213,207,212,208,205,204,204,203,202,203,253,219,177,128,120,99,84,66,59,39
"MT.currency",239,196,186,210,208,236,178,118,113,75,148,139,139,173,170,237,225,215,242,239,238,235,230,223,224,204,207,229,222,218,209,208,204,199,196,167,139,109,78,73,69,104,156,155,155,152,157,156,150,147,148,147,144,146,146,153,147,146,144,149,151,145,146,144,149,149,151,152,152,153,154,154,153,153,150,150,148,145,145,145,146,147,146,145,149,148,146,141,136,136,136,136,137,135,135,136,136,136,136,136,135,104,101,101,91,97,110,124,150,183,181
"MT.taxation",42,42,41,34,60,35,58,51,49,44,59,96,104,120,128,122,139,131,133,132,125,124,121,120,122,117,117,114,107,110,115,110,114,100,95,95,102,99,97,76,75,141,149,156,169,176,173,166,162,194,192,195,194,188,189,195,197,183,178,170,172,165,169,169,164,164,165,165,170,173,164,159,159,163,159,161,174,177,176,177,179,180,180,177,177,173,174,169,163,157,157,158,152,153,154,154,151,152,153,153,157,186,134,127,195,141,209,222,211,134,116
"MT.cycle",106,143,153,127,120,104,146,120,126,87,106,72,63,60,61,63,59,58,58,56,50,47,44,43,42,40,39,36,41,40,41,42,37,36,35,30,25,33,33,33,34,48,66,71,68,68,64,70,77,86,85,86,87,85,85,85,85,84,86,88,89,92,91,90,91,91,90,90,88,90,90,90,90,90,89,88,86,86,86,86,84,85,85,85,86,85,84,84,82,80,80,80,82,80,80,83,82,82,81,81,81,100,127,137,208,259,199,148,136,126,100
"MT.labor",84,65,68,81,75,86,132,122,121,96,94,105,112,119,119,86,100,97,98,105,114,114,138,142,142,161,164,203,200,199,188,170,174,139,145,141,117,104,133,119,121,121,112,127,126,127,129,123,120,119,118,115,113,115,115,114,116,115,119,122,132,133,129,133,134,134,136,136,136,134,135,134,134,134,133,133,133,133,134,133,131,132,132,131,129,129,128,127,127,127,127,127,127,126,127,127,127,127,127,127,127,124,104,98,92,92,73,91,51,56,50
"MT.budget",209,145,137,121,148,116,147,119,132,161,164,198,195,246,255,182,212,214,210,240,256,251,209,199,199,176,163,138,117,119,123,139,138,182,180,222,214,256,216,130,95,115,146,148,156,151,154,162,154,148,147,145,147,149,149,148,144,144,139,139,136,137,136,137,137,137,139,139,138,140,141,139,139,140,144,144,144,144,144,144,145,144,144,144,144,143,145,142,141,142,142,141,142,141,141,141,140,140,140,142,142,122,98,92,79,69,69,69,67,61,49
"MT.de.taxation",45,44,43,41,61,37,62,55,53,49,64,98,105,123,130,124,140,136,138,135,127,126,125,125,125,119,122,121,115,116,118,111,115,102,98,98,100,96,95,71,72,143,196,231,244,257,252,228,222,249,251,249,248,246,245,257,259,257,238,232,234,233,234,232,228,227,229,229,228,230,220,221,216,220,218,220,221,233,241,244,255,254,253,253,254,250,241,240,224,219,220,220,206,205,211,208,206,206,207,207,209,250,144,133,205,138,187,243,240,146,127
"MT.de.cycle",88,108,118,97,88,119,153,135,140,97,114,95,76,70,70,62,60,59,59,58,46,45,43,41,43,41,41,34,38,38,37,38,38,41,39,45,47,65,63,65,55,75,89,95,95,93,92,98,96,98,98,98,98,98,98,100,102,103,105,110,111,113,113,111,110,108,107,107,109,108,108,107,109,110,114,117,113,111,110,110,111,111,111,110,113,113,112,113,116,117,117,117,113,115,115,111,110,110,109,111,109,149,267,203,134,116,111,90,86,85,69
"MT.de.labor",93,68,72,86,93,110,125,115,112,90,80,84,97,106,106,83,98,96,97,104,111,112,139,143,143,162,162,197,193,192,179,162,165,131,135,132,108,89,107,107,107,113,100,119,118,121,121,117,114,109,109,108,107,108,108,107,109,107,108,112,118,120,119,124,126,130,130,130,129,129,130,130,129,130,130,130,122,120,123,121,119,125,126,124,120,119,118,109,110,111,111,111,108,111,109,108,109,109,110,110,110,111,95,94,89,85,68,79,45,50,45
"MT.de.budget",134,79,81,77,74,87,150,139,151,194,187,239,241,252,247,121,141,142,132,156,193,198,231,239,237,253,221,189,137,140,158,191,183,230,229,267,248,243,196,84,108,126,140,146,152,147,150,161,156,149,149,144,145,147,145,143,142,143,142,140,140,141,138,140,141,144,148,148,150,149,148,148,147,146,143,143,138,138,137,137,134,137,137,137,131,130,131,128,128,128,128,128,128,128,128,128,128,128,129,129,130,110,96,87,72,67,61,54,56,55,40
"rword",54,63,60,82,78,73,61,41,42,58,109,51,50,30,25,35,36,34,32,30,29,29,29,29,28,28,28,28,27,27,25,22,23,6,11,6,5,4,11,18,19,22,16,15,13,13,20,30,44,59,59,65,70,73,74,83,84,85,85,89,91,93,92,94,94,97,96,98,97,97,99,97,98,98,94,94,94,91,92,89,89,90,91,90,89,89,89,88,88,88,88,88,88,87,87,88,88,88,88,88,88,86,130,201,237,169,168,216,227,222,169
"rword_sc",82,81,76,92,96,75,49,32,34,43,57,31,31,23,23,46,43,43,42,40,35,34,33,33,33,34,33,31,31,31,31,29,28,17,19,10,7,10,12,16,12,18,14,13,14,14,24,31,52,69,72,73,85,88,90,91,93,97,97,99,100,104,102,105,109,113,116,117,112,118,120,119,118,117,115,114,105,104,104,104,102,102,102,102,105,105,105,102,103,104,104,104,104,104,103,103,103,103,103,102,103,103,145,238,199,156,171,220,218,225,175
"perc_dif.zeit.eco",264,261,241,261,232,173,200,164,158,199,232,226,229,234,209,172,179,180,186,194,187,185,186,189,188,190,195,196,192,187,176,206,218,232,248,155,125,120,67,46,52,24,28,27,25,25,25,32,35,56,56,56,56,57,57,60,63,75,79,83,87,88,87,91,92,92,92,92,93,92,92,91,91,91,87,87,87,87,87,88,87,87,87,87,90,90,91,90,91,90,90,90,90,90,89,89,89,89,89,89,89,88,83,80,76,78,80,81,82,99,134
"perc_pnword.zeit.eco",56,78,83,70,69,95,56,39,38,47,46,79,70,64,64,91,77,80,81,83,93,90,87,87,85,82,82,67,63,64,61,63,60,51,52,53,41,23,71,249,153,230,167,176,159,163,161,151,142,136,141,137,136,133,132,126,123,116,113,108,105,103,103,102,106,110,109,109,106,105,107,109,107,107,108,109,110,108,111,113,115,115,115,115,119,121,121,116,126,126,126,126,123,123,124,122,124,124,125,125,124,126,123,123,119,124,126,128,111,107,129
"perc_nword.zeit.eco",112,120,164,136,95,79,79,40,35,60,123,162,152,142,161,219,165,168,161,160,179,177,177,171,170,166,158,147,134,132,132,120,111,80,87,64,52,31,43,63,137,57,80,78,77,74,73,86,97,100,104,105,105,109,111,115,119,137,152,158,173,186,183,191,190,186,189,190,194,205,206,193,193,190,177,176,170,170,165,166,166,167,167,168,168,169,171,166,164,165,165,165,165,164,157,156,154,154,154,154,155,161,148,152,144,150,144,158,185,228,262
"perc_pword.zeit.eco",121,150,125,140,176,242,181,182,192,166,103,122,124,110,108,94,95,98,94,98,107,104,100,100,101,105,110,106,101,101,96,97,97,110,105,144,150,127,241,67,56,50,42,46,38,40,39,51,48,54,53,49,54,51,51,50,54,52,57,60,64,64,63,64,65,65,65,64,64,63,63,63,63,63,63,62,57,56,56,58,58,58,58,57,63,63,65,63,66,66,66,66,65,65,64,65,65,65,65,65,65,65,64,59,57,57,54,52,46,70,107
"npword.zeit.eco",198,225,231,198,157,172,169,161,162,167,138,155,154,148,140,238,243,233,235,219,183,182,183,183,183,179,166,177,154,163,161,222,225,216,203,204,223,145,176,233,260,246,204,189,168,168,167,150,141,127,129,127,127,118,120,105,100,98,93,87,84,82,82,78,77,76,75,75,75,75,73,73,75,75,79,80,97,96,100,102,109,106,105,109,112,111,119,114,119,119,119,118,119,120,118,116,118,117,118,118,118,118,119,119,118,123,131,133,128,158,216
"nnword.zeit.eco",259,234,266,195,126,117,107,67,63,68,76,111,106,102,107,250,230,235,220,226,267,265,260,262,263,258,248,240,230,240,241,211,194,169,192,129,111,59,54,64,88,82,123,112,112,110,111,120,132,161,162,172,184,200,206,250,252,224,173,155,145,136,137,136,136,136,134,134,133,130,129,129,131,133,136,136,153,157,160,160,167,164,161,166,171,175,176,172,171,177,178,177,172,173,172,169,169,169,172,172,172,174,179,196,204,215,215,213,186,260,245
"nword.zeit.eco",123,161,158,243,255,235,227,209,211,226,211,229,226,230,226,178,169,164,165,157,134,133,134,133,132,129,125,122,118,120,119,185,180,175,161,191,200,139,117,197,181,173,215,221,221,210,217,260,214,188,200,188,175,159,156,131,118,117,110,101,98,96,97,95,93,90,89,89,89,87,85,87,87,89,95,95,108,117,121,123,128,127,127,128,128,128,130,129,131,131,131,131,131,132,131,130,130,130,130,130,129,130,128,130,132,136,137,141,144,233,257
"pvalue.zeit.eco",260,213,207,134,123,128,165,153,159,163,152,144,147,159,157,213,213,223,221,243,252,248,238,237,236,231,205,220,185,191,193,258,261,265,264,256,249,177,166,250,191,165,201,202,196,194,208,237,264,234,235,226,219,207,204,152,138,139,130,127,117,116,116,112,111,107,106,106,107,107,104,103,105,105,107,107,121,123,129,129,130,129,129,130,135,136,141,140,145,148,148,148,143,149,147,143,142,142,142,141,141,140,138,147,156,165,172,181,163,251,247
"nvalue.zeit.eco",245,214,259,190,121,114,104,65,58,83,84,101,92,88,82,220,202,211,193,201,218,213,220,214,215,227,240,257,266,260,266,177,154,123,130,104,91,57,50,47,66,70,107,102,106,102,103,111,122,142,142,148,155,169,187,222,253,249,202,172,156,147,150,143,140,139,138,138,137,137,134,138,138,138,146,148,180,186,191,191,201,197,195,198,207,210,212,208,209,216,216,217,211,216,217,214,214,214,217,218,212,218,235,245,255,264,266,259,210,261,265
"rpvalue.zeit.eco",170,202,224,233,227,225,193,213,206,214,229,216,224,243,250,231,229,230,228,233,215,222,217,220,220,222,222,237,228,232,227,221,208,144,153,182,167,233,231,198,231,184,148,154,162,155,151,146,149,140,139,140,140,137,135,130,129,133,138,135,135,135,135,135,135,135,135,135,135,136,138,135,135,135,135,135,135,135,135,135,135,135,134,133,137,137,140,138,142,141,141,142,141,145,142,142,143,143,143,140,139,141,136,136,138,143,148,162,193,215,218
"rnvalue.zeit.eco",162,167,154,194,189,196,217,231,234,229,240,207,201,208,188,207,218,212,212,208,230,231,227,226,228,229,226,266,249,257,253,252,266,153,136,111,106,100,150,211,227,241,175,170,154,148,147,140,138,126,126,124,120,117,117,116,114,109,106,103,99,98,100,99,99,101,102,102,100,100,101,106,106,106,106,106,109,107,112,114,114,114,114,113,111,114,117,122,122,122,122,122,120,121,122,123,123,123,123,123,122,125,124,124,120,125,127,127,139,194,261
"rvalue.zeit.eco",160,172,219,252,222,161,139,126,107,119,141,132,127,130,134,234,197,198,202,196,176,178,184,181,181,184,181,173,177,172,177,175,152,105,106,85,77,68,51,22,47,32,46,39,46,45,44,62,65,87,87,90,91,91,91,87,89,92,102,107,116,122,118,126,128,129,129,129,130,131,131,131,130,129,129,129,126,125,122,122,120,123,123,123,125,124,124,119,121,120,120,121,122,119,117,119,120,120,120,119,119,120,118,113,110,110,116,119,116,112,135
"perc_dif.zeit",150,144,120,131,182,230,245,210,210,266,198,199,206,220,241,93,90,89,91,88,88,88,90,90,90,91,86,91,71,73,69,75,81,93,92,96,95,93,186,195,177,105,95,101,94,95,95,106,105,105,103,102,102,101,101,102,106,106,107,114,119,126,125,128,127,126,125,125,126,124,126,127,127,127,122,122,111,114,116,115,112,112,113,114,122,122,123,123,123,124,124,124,126,125,121,120,119,119,119,120,120,119,111,110,103,102,101,114,138,216,248
"perc_pnword.zeit",26,29,26,27,18,39,17,18,17,21,21,25,25,27,29,27,30,29,26,26,28,27,27,26,25,26,26,22,18,22,21,21,21,23,23,26,28,35,258,93,35,63,57,58,58,58,55,53,47,43,42,42,41,38,37,41,39,39,39,37,37,38,34,34,39,40,40,40,38,38,40,40,38,38,32,33,33,33,31,30,32,31,29,29,31,31,31,31,35,35,35,35,34,33,34,33,34,34,34,34,34,35,34,32,31,31,28,28,34,67,87
"perc_nword.zeit",167,171,192,206,116,113,48,30,30,45,51,69,64,68,63,224,207,205,199,203,195,192,189,185,184,188,187,152,164,168,174,194,193,164,157,154,180,203,202,153,76,156,144,135,134,132,131,124,118,110,110,110,109,110,109,106,104,102,98,95,92,89,89,88,87,94,95,96,92,91,91,93,93,94,97,98,100,98,98,98,101,101,100,99,98,98,98,98,101,101,101,101,98,99,99,100,102,102,102,103,102,102,105,106,108,107,113,104,94,101,109
"perc_pword.zeit",34,40,36,35,49,81,55,63,74,50,36,49,48,54,53,25,27,25,25,24,24,24,24,23,23,24,24,21,17,17,15,15,18,24,24,27,27,30,228,105,49,53,45,45,37,38,38,45,40,42,41,38,38,36,35,42,43,43,43,43,44,44,44,44,45,45,45,45,43,43,45,45,42,42,42,38,32,32,30,31,28,28,27,27,33,34,35,36,37,38,37,37,37,37,36,35,36,36,35,35,36,33,30,28,24,24,23,25,40,87,103
"npword.zeit",108,73,66,50,51,58,65,70,76,91,73,86,80,85,89,54,50,51,51,53,60,59,60,60,59,56,56,53,52,53,52,51,50,49,53,58,60,48,120,150,103,71,68,68,60,57,57,55,46,39,38,37,36,35,36,35,35,34,34,32,32,31,33,33,32,32,32,32,32,29,28,27,31,31,31,31,37,37,42,42,46,46,46,46,49,51,51,51,53,53,53,53,53,53,53,52,52,52,52,52,52,51,51,49,47,48,47,59,91,125,161
"nnword.zeit",75,57,54,37,24,23,16,15,16,24,27,38,37,43,42,56,55,57,55,55,62,62,62,62,62,61,62,57,57,58,56,54,54,52,55,54,57,41,93,213,134,99,85,89,83,82,82,73,69,62,65,63,61,59,59,54,49,49,47,46,46,46,46,46,46,46,46,46,46,45,44,44,45,45,46,48,64,63,66,66,70,70,70,70,69,68,70,69,71,72,72,72,68,72,73,71,70,70,70,71,70,71,68,71,71,72,74,75,102,121,149
"nword.zeit",154,87,78,60,57,56,57,58,64,66,65,90,83,84,90,72,72,75,72,75,81,81,80,83,83,85,87,89,94,91,89,71,73,85,91,91,86,69,148,125,93,64,61,57,51,49,50,40,32,32,32,30,29,29,29,29,28,30,28,28,28,28,28,28,28,27,27,26,27,27,26,26,29,29,33,32,40,41,47,47,48,49,49,52,54,53,55,55,59,59,57,58,55,57,58,57,55,55,55,55,55,54,56,53,52,52,53,67,97,129,187
"pvalue.zeit",111,75,70,61,58,61,84,100,105,102,101,108,109,121,124,87,84,85,85,85,91,92,93,94,93,97,97,102,103,102,101,84,85,83,90,97,101,80,162,175,178,133,114,105,103,101,100,96,88,82,82,79,76,76,76,73,69,65,63,61,60,56,57,55,55,52,52,52,52,52,52,51,52,52,54,54,59,60,65,67,69,69,69,69,77,77,79,78,80,82,82,82,80,83,82,80,78,78,78,78,78,77,76,76,81,81,83,95,118,149,182
"nvalue.zeit",61,53,45,38,23,19,12,4,6,17,22,27,26,31,30,48,47,47,47,47,48,49,47,50,49,51,52,50,50,50,49,46,45,40,41,42,39,28,73,235,201,140,116,107,104,103,105,95,86,83,86,81,78,75,75,71,66,62,61,58,57,50,52,52,51,50,50,50,48,49,49,50,51,51,58,61,73,73,75,77,80,80,80,81,81,81,82,83,87,86,86,86,86,86,86,85,85,85,86,86,85,83,84,85,87,89,89,93,113,128,174
"rpvalue.zeit",201,165,159,199,193,194,198,218,219,181,154,160,171,194,205,255,262,265,251,253,254,256,253,255,259,267,254,208,229,222,230,265,250,176,189,239,209,206,182,87,119,116,124,129,131,136,132,129,128,122,122,117,117,114,114,111,111,111,117,116,115,115,114,114,114,117,118,120,121,120,121,123,121,121,125,125,125,122,124,127,124,122,121,122,126,126,126,124,125,125,125,125,125,127,126,126,126,126,126,126,126,129,125,126,129,133,136,130,133,131,137
"rnvalue.zeit",194,195,183,155,127,133,103,64,62,55,49,52,51,53,49,95,93,93,88,91,84,87,92,92,94,98,100,93,92,90,92,93,93,74,71,71,58,119,102,32,14,13,12,12,10,10,11,10,8,6,6,5,5,5,4,7,7,7,7,5,5,5,5,6,6,6,6,6,5,5,6,6,6,6,8,8,10,10,12,14,14,14,14,14,16,16,16,16,20,21,20,20,20,20,20,20,20,20,20,20,20,20,20,20,19,19,19,22,31,81,126
"rvalue.zeit",228,260,251,256,220,156,119,77,66,88,104,102,89,74,67,261,236,238,232,244,229,229,232,230,230,242,257,225,246,239,257,264,260,258,251,206,176,220,259,187,253,196,198,225,213,220,215,265,244,235,234,235,236,235,236,240,231,237,218,208,201,188,192,185,187,192,192,192,188,196,192,195,196,202,203,205,210,209,206,203,215,210,209,207,189,193,192,196,190,190,190,190,189,188,193,200,202,202,205,208,205,212,215,223,229,222,225,251,216,231,259
"qdap_value",138,138,122,135,192,208,223,234,239,236,206,195,192,222,222,135,110,108,108,106,104,105,102,110,108,114,123,116,108,107,107,132,129,130,120,151,234,157,244,161,122,125,139,126,130,125,126,125,123,117,116,113,114,121,121,124,132,127,135,138,138,140,142,142,147,152,153,153,151,154,153,153,156,154,153,153,155,154,154,155,153,154,154,155,153,155,155,154,153,153,153,153,155,152,153,155,155,155,155,155,159,160,158,171,159,161,151,163,159,159,196
"qdap_nword",152,98,82,65,64,71,78,73,73,81,71,97,91,81,93,68,74,74,71,76,78,77,78,78,79,79,81,79,75,75,72,66,68,68,69,74,80,84,167,127,84,62,52,51,47,42,43,34,33,31,31,31,32,31,32,32,32,32,31,30,30,30,30,30,30,30,29,31,33,30,29,30,33,34,35,36,44,46,50,50,55,54,53,55,57,57,59,62,62,62,63,63,62,63,63,62,61,61,61,60,60,60,59,60,60,61,63,60,63,60,73
"sent_nneg",51,37,30,25,20,16,11,11,12,23,23,33,33,38,38,36,38,38,37,41,43,41,41,42,41,44,45,43,43,43,43,35,39,37,37,41,49,62,108,196,120,84,77,77,72,71,70,64,63,57,58,57,57,53,56,49,48,47,44,44,43,43,43,43,43,42,42,42,42,42,42,42,44,43,45,45,61,62,62,64,66,66,66,66,67,67,67,66,68,67,67,67,66,66,67,67,66,66,66,66,66,66,65,65,68,70,70,66,70,63,70
"sent_npos",83,64,56,49,54,64,74,81,80,82,67,91,84,75,81,45,44,44,43,45,44,44,45,44,44,46,48,46,46,47,47,41,42,38,40,50,51,66,127,147,98,66,67,67,62,60,59,54,54,45,45,45,45,45,46,44,40,41,41,38,38,37,39,39,38,38,37,38,40,40,39,39,40,40,41,39,46,49,51,51,56,56,56,56,59,62,64,64,64,64,64,64,64,64,65,64,64,64,64,64,64,64,63,61,61,62,60,57,61,57,66
"sent_negv",41,33,25,18,14,7,6,3,4,16,18,24,24,24,27,31,32,31,29,31,32,32,32,32,32,32,34,32,35,35,32,30,30,28,31,29,30,42,80,267,149,106,87,87,85,83,80,75,74,67,67,66,67,67,69,59,57,53,50,47,47,47,47,47,47,47,47,47,47,47,46,46,46,47,48,49,69,70,72,72,74,74,74,73,76,76,76,77,78,78,78,77,75,75,76,76,76,76,76,76,76,76,73,74,75,77,82,82,76,75,77
"sent_posv",86,70,64,57,56,57,68,83,78,67,61,78,77,77,91,58,61,60,57,63,64,64,66,66,66,65,67,61,66,66,65,58,61,54,57,70,67,71,105,254,197,117,99,104,100,97,98,87,90,79,81,84,81,77,79,74,68,64,62,59,58,55,58,57,57,54,53,53,57,53,53,53,53,58,59,59,63,64,68,69,72,71,71,72,79,80,80,81,86,87,87,87,87,88,88,87,86,86,85,84,83,82,82,86,88,88,88,94,89,86,85
"sent_nwords",146,95,79,64,62,67,75,72,70,78,68,93,90,79,87,64,71,69,67,73,73,74,76,76,75,74,78,71,73,71,70,62,65,63,67,73,78,82,171,122,82,59,50,48,45,41,40,33,31,30,30,29,30,30,30,31,31,31,29,29,29,29,29,29,29,28,28,30,30,28,27,28,32,33,34,34,42,44,49,49,53,52,52,54,56,56,58,58,61,61,61,61,61,61,61,61,59,59,59,59,59,59,58,58,59,59,59,58,62,58,71
"sent_val",60,50,52,46,26,13,5,1,1,8,12,22,21,22,22,50,48,48,48,49,45,46,50,48,48,47,49,48,45,45,45,43,44,44,45,39,45,63,106,262,155,124,104,100,102,99,99,88,93,88,90,85,83,78,77,75,75,67,64,63,61,59,56,56,56,57,54,54,53,55,54,54,56,55,61,64,83,83,83,82,86,86,84,84,83,83,85,85,84,84,84,84,83,82,85,84,84,84,84,85,86,85,85,83,86,87,87,89,83,79,80
"posextind",71,58,48,44,43,46,47,57,60,53,47,60,65,67,76,52,58,56,54,57,63,63,63,63,63,62,64,59,64,65,64,57,59,53,56,69,71,74,122,252,150,101,90,92,91,88,86,80,79,73,73,72,71,71,71,65,60,59,55,51,48,48,49,49,48,48,48,48,49,48,48,49,49,50,50,51,55,57,59,59,63,63,61,63,68,69,74,74,76,77,77,78,77,77,75,75,75,74,75,75,75,75,72,72,74,75,78,80,79,78,78
"negextind",49,36,31,23,17,17,15,19,19,29,29,36,36,40,39,32,33,32,31,34,37,38,39,39,39,38,40,41,40,41,39,31,32,33,36,36,32,46,89,203,94,69,65,62,61,59,56,48,49,40,43,43,44,42,42,37,38,38,38,36,36,36,35,37,36,36,36,37,37,37,37,37,37,37,36,40,47,47,48,48,49,48,48,50,52,52,53,54,54,54,54,54,54,54,56,55,54,54,54,54,54,53,55,52,51,53,51,49,49,46,61
"valuext",72,56,58,45,33,25,14,13,14,25,25,34,30,32,32,47,45,46,45,46,47,48,51,51,50,50,51,47,44,44,44,39,41,42,43,40,37,53,110,190,91,76,73,70,66,63,61,57,55,47,48,46,46,46,45,45,42,42,42,42,41,40,40,40,40,39,39,39,39,39,38,38,39,39,38,42,52,52,52,52,54,55,55,53,50,50,50,50,52,50,48,48,50,48,50,51,51,51,51,51,51,52,52,50,49,50,49,46,44,41,55
"qdap_value_median",258,257,261,235,212,190,184,160,160,178,159,185,179,206,214,266,185,187,185,175,186,187,191,194,192,191,189,213,160,169,167,200,177,185,178,197,208,262,223,183,180,169,162,149,151,146,145,144,145,141,138,141,141,144,147,155,158,154,159,198,217,222,217,219,222,233,237,237,230,234,221,222,224,218,221,218,226,232,221,226,220,221,221,234,213,217,223,249,258,260,259,257,261,260,265,266,266,267,265,264,265,265,260,260,267,265,255,249,235,243,264
"qdap_nword_median",252,235,195,160,167,162,134,96,96,131,139,191,188,197,213,201,245,246,243,254,260,261,255,253,253,256,249,250,226,227,232,213,216,225,231,254,211,221,211,61,43,43,37,37,33,33,33,26,26,25,25,25,25,26,25,25,25,25,25,23,23,23,22,23,23,22,22,22,23,23,23,23,24,24,27,29,31,31,33,33,34,34,34,35,40,41,42,40,39,41,40,40,39,40,40,41,39,39,38,38,39,39,39,39,42,42,42,41,41,38,54
"sent_nneg_median",191,212,230,254,235,267,175,141,134,159,147,169,163,153,145,204,259,255,247,251,257,260,251,247,247,246,244,263,265,263,267,182,195,193,194,230,205,231,232,60,41,35,31,28,27,27,27,22,22,21,21,21,21,21,21,21,21,21,21,21,20,21,21,20,20,19,19,19,19,19,17,18,19,20,21,22,27,27,27,27,27,27,28,28,30,30,29,29,30,32,32,32,31,32,32,31,30,30,30,30,30,30,31,34,35,35,35,35,33,31,44
"sent_npos_median",145,114,89,68,72,108,96,106,109,122,128,156,158,149,160,80,80,79,77,80,83,83,84,82,82,83,84,84,80,80,77,67,69,75,78,94,83,102,238,96,58,49,44,40,35,35,35,29,28,27,28,27,27,27,28,27,27,27,27,27,27,25,26,26,25,24,24,24,25,24,24,25,25,25,28,26,25,28,29,28,31,32,31,34,35,37,40,37,36,36,36,36,36,38,38,37,37,37,37,37,37,37,38,36,36,37,37,38,37,34,47
"sent_negv_median",193,205,217,264,226,224,95,87,86,154,150,161,155,143,143,199,235,237,207,207,206,204,215,215,216,212,217,187,187,197,191,129,135,138,138,134,113,112,207,94,54,42,34,30,29,30,28,23,23,22,22,23,22,22,26,24,23,23,23,22,22,22,24,22,22,21,21,21,21,21,21,21,21,22,22,23,29,29,28,29,29,30,30,30,32,33,34,34,34,34,34,34,35,35,35,36,35,35,36,36,35,36,36,37,38,40,40,39,38,36,46
"sent_posv_median",128,102,84,67,68,76,72,84,88,86,111,135,136,132,139,85,81,81,78,81,85,86,85,84,84,90,88,88,98,97,91,72,79,73,77,79,76,92,179,124,81,60,54,56,59,55,54,44,45,37,39,41,43,43,43,38,36,36,37,34,34,34,36,38,37,37,38,36,36,36,36,36,35,36,37,37,36,36,39,39,41,41,42,45,45,46,47,48,50,52,52,52,51,51,51,50,49,49,49,49,49,49,49,48,50,51,52,50,53,51,63
"sent_nwords_median",254,229,193,158,163,159,127,93,93,127,136,181,183,188,201,197,238,241,236,248,264,266,259,258,258,263,256,253,232,233,235,209,211,219,226,251,203,213,218,62,44,44,38,38,34,34,34,28,27,26,26,26,26,25,24,26,26,26,26,24,24,24,23,24,24,23,23,23,22,22,22,22,23,23,26,27,30,30,32,32,35,35,35,36,39,40,41,39,38,40,39,39,38,41,41,40,40,40,39,39,38,38,40,40,43,43,43,42,42,39,53
"sent_val_median",223,231,239,213,155,136,66,53,61,129,83,113,96,76,72,136,160,166,155,154,172,173,182,182,182,181,186,160,143,148,142,127,134,201,214,196,137,204,161,55,31,28,26,25,22,21,18,18,17,16,19,19,19,19,18,19,20,20,20,20,21,20,20,21,21,20,20,20,20,20,20,20,20,19,19,20,24,24,25,25,25,26,26,26,24,24,25,27,28,28,28,28,28,28,28,28,28,28,28,28,28,28,29,29,29,30,30,29,26,26,43
"posextind_median",147,115,92,75,67,80,80,82,85,71,86,120,122,115,121,84,82,83,79,79,86,85,86,85,86,89,89,92,91,93,87,69,75,72,74,78,66,95,213,109,68,58,51,53,52,51,49,39,42,36,37,39,39,37,44,39,37,37,36,35,35,35,38,35,35,35,35,35,35,34,34,35,36,35,40,41,35,35,37,37,38,38,38,41,44,44,45,46,49,49,50,49,49,49,48,49,48,48,48,48,47,47,47,47,48,49,50,48,50,48,62
"negextind_median",181,200,211,267,259,258,123,105,101,144,137,167,161,151,154,212,249,249,213,214,222,217,229,229,229,225,220,205,201,213,210,137,145,147,151,194,132,122,226,77,39,34,27,26,24,23,22,19,19,18,20,20,20,20,20,20,19,19,19,18,18,17,17,18,17,16,16,16,15,14,13,13,14,15,18,18,23,23,23,24,24,24,24,24,25,25,27,26,27,27,27,27,27,27,27,27,27,27,27,27,27,27,27,27,28,28,29,30,28,29,35
"valuext_median",250,256,250,152,135,129,81,98,94,187,124,123,113,91,86,119,137,138,128,131,151,151,160,156,158,155,159,139,135,131,131,112,119,156,163,200,151,237,145,48,26,20,20,20,16,17,13,12,14,13,15,15,16,16,19,18,18,18,18,19,19,19,19,19,18,18,18,18,17,16,15,15,17,18,17,17,22,21,22,22,23,23,23,23,23,23,23,23,24,24,24,24,24,24,25,24,24,24,24,24,24,25,25,24,26,25,25,24,23,23,31
"DIS.M",139,139,132,66,104,109,93,59,57,37,45,50,54,55,56,65,65,65,60,59,57,56,55,54,53,53,46,51,49,49,50,49,52,47,47,43,43,51,86,182,186,90,62,52,41,39,37,42,39,46,47,48,47,47,48,51,50,55,59,62,62,63,64,63,63,63,64,65,65,64,65,67,66,66,65,63,60,59,58,56,50,51,51,48,48,48,46,45,43,44,43,42,42,42,42,42,42,42,42,42,42,42,37,38,37,36,36,33,29,27,79
"DIS.D",157,156,152,165,172,181,189,200,176,183,188,147,150,156,195,208,222,221,229,230,227,238,236,238,239,244,255,265,256,259,258,261,234,245,249,253,253,249,209,229,233,234,240,243,146,150,148,145,143,143,144,160,164,161,161,164,162,157,155,156,158,158,158,160,159,159,159,157,156,155,155,156,155,156,165,165,161,162,166,167,162,162,163,162,166,165,166,165,165,167,167,167,169,166,167,164,165,165,167,170,173,175,164,173,161,163,162,164,169,161,138
"DIS.3M",46,47,50,52,39,47,27,28,26,35,39,35,35,35,34,22,21,22,21,22,18,17,17,17,14,14,12,8,8,10,8,16,19,10,22,28,31,50,55,74,131,200,82,60,53,50,52,58,58,58,57,58,58,58,60,62,62,63,68,73,72,71,69,69,68,68,71,69,68,69,69,69,69,69,70,68,68,68,61,61,60,60,60,60,55,55,54,52,48,47,47,47,47,45,47,47,47,47,47,47,46,48,46,46,46,45,45,43,43,40,93
"DIL.3",149,152,157,118,90,123,87,116,122,137,110,62,69,61,60,92,92,90,89,86,87,84,89,89,89,84,80,105,110,106,102,102,92,77,79,110,170,159,201,120,113,73,69,75,74,73,72,66,66,63,61,61,63,63,63,72,74,77,78,78,82,85,85,86,85,86,86,85,84,83,83,83,83,83,83,83,80,80,80,80,79,79,79,79,78,78,77,79,79,79,79,79,78,78,79,77,77,77,77,77,77,78,75,73,73,74,77,78,78,76,82
"DIL.5",216,216,221,180,128,154,111,146,153,151,130,89,93,73,73,110,116,116,111,111,105,103,109,108,109,107,106,127,129,127,122,124,113,96,96,135,193,156,190,128,135,107,88,90,96,98,97,89,87,91,89,89,88,87,86,90,88,88,91,90,97,99,99,101,103,105,105,105,103,103,103,104,103,100,101,101,96,95,96,96,96,96,96,96,96,96,96,96,96,96,96,96,96,96,96,96,96,96,96,96,96,96,93,95,97,96,95,98,95,91,97
"DIL.10",251,254,245,226,174,195,149,193,188,189,182,118,121,101,96,142,159,156,146,148,141,140,150,145,146,141,140,162,166,153,145,160,132,124,119,180,237,169,199,148,154,131,119,103,108,111,110,108,98,96,96,97,97,96,96,99,98,99,99,98,107,112,112,117,119,121,121,121,114,114,116,117,116,114,112,113,103,102,105,105,103,103,103,103,102,102,103,106,107,107,107,107,105,107,107,107,107,107,107,107,106,109,106,104,105,105,108,111,109,104,102
"DVOLA1",197,182,178,216,215,228,216,170,156,139,179,165,164,183,189,214,208,210,217,213,198,197,202,200,200,199,198,218,231,229,226,224,258,252,235,192,178,252,229,188,147,56,125,145,144,144,139,139,135,134,134,132,128,132,133,134,137,136,136,137,137,138,140,139,139,140,144,142,140,142,143,144,144,144,142,142,136,140,141,141,143,142,142,142,138,138,136,136,137,137,137,137,138,138,137,139,139,139,137,137,136,137,132,134,130,131,135,116,126,137,124
"DVOLA2",175,148,147,201,214,211,208,198,157,250,264,254,257,267,260,189,180,174,184,189,182,183,185,187,185,185,185,207,197,190,194,192,233,174,169,131,129,162,175,185,205,74,129,182,171,174,175,181,168,175,179,175,174,178,179,173,182,168,165,175,188,184,188,188,186,185,190,189,185,186,186,190,192,192,192,190,172,180,181,184,188,184,184,184,190,191,191,194,193,192,192,191,197,193,190,193,192,193,193,192,193,201,188,185,174,185,173,135,142,133,151
"DIFO.C",77,72,67,83,85,124,106,111,117,108,58,57,57,58,59,55,53,52,53,52,55,57,58,56,55,59,57,60,62,62,60,60,62,60,60,49,54,39,15,17,15,15,11,14,17,19,16,14,13,10,12,11,11,11,11,13,13,14,14,13,14,14,15,15,15,15,15,15,16,17,18,17,16,16,15,15,15,15,15,15,15,15,15,15,14,14,14,13,13,13,13,13,13,13,13,13,13,13,13,13,13,13,13,13,13,13,13,13,13,12,12
"DIFO.EXP",186,178,169,185,196,222,171,168,181,177,135,112,120,113,110,133,150,140,145,143,157,157,154,153,154,154,156,157,153,154,152,147,157,142,147,121,134,111,42,54,60,47,49,59,76,84,81,74,70,64,63,64,64,66,65,69,73,72,74,70,71,72,71,70,74,73,74,73,73,73,74,75,74,73,74,74,72,72,71,71,68,68,68,68,64,64,61,59,55,55,55,55,56,59,60,59,60,60,60,61,61,61,60,62,63,60,55,51,52,47,41
"DIFOM.C",31,31,27,40,48,55,44,49,52,54,41,45,46,46,45,39,42,39,41,38,42,42,40,40,40,49,50,52,53,51,53,53,53,46,46,38,38,19,14,9,9,9,9,9,9,9,9,8,6,4,4,4,4,4,5,6,6,6,5,6,6,6,7,7,7,7,7,7,7,7,7,8,8,8,6,7,7,7,7,7,7,7,7,7,7,7,7,7,7,7,7,7,7,7,7,7,7,7,7,7,7,7,7,7,7,7,7,7,7,7,6
"DIFOM.EXP",127,111,100,101,119,132,101,112,120,113,97,88,95,80,79,108,113,111,112,112,117,117,120,122,123,126,128,129,125,124,125,118,123,112,112,100,119,83,52,34,51,46,47,54,78,80,77,68,68,60,60,59,59,62,61,68,65,66,72,71,68,70,68,68,69,72,72,74,74,74,75,74,73,74,73,73,71,71,70,70,67,67,67,67,65,65,62,57,58,56,56,59,59,60,59,60,63,63,63,63,63,63,61,63,62,58,56,53,54,49,42
"DIFOMI.C",33,30,24,39,52,48,43,36,43,42,40,48,47,44,48,43,52,50,49,48,56,55,56,55,56,54,54,55,56,55,55,55,55,58,54,47,50,37,21,13,18,19,17,16,20,20,17,17,15,14,14,14,14,14,14,14,14,12,12,10,11,10,13,13,13,14,13,14,14,13,14,14,13,13,13,13,13,13,14,13,12,13,13,13,13,13,13,14,14,14,14,14,14,14,15,15,15,15,15,15,15,15,15,15,15,15,15,15,15,15,16
"DIFOMI.EXP",148,118,101,102,147,135,116,117,123,115,107,114,118,105,103,99,122,117,115,113,126,128,129,127,129,127,129,131,126,126,126,121,122,121,115,106,114,114,59,56,71,89,76,85,101,104,104,90,92,90,91,88,86,84,83,84,83,83,83,82,81,81,81,82,83,83,83,84,83,86,88,88,88,86,84,84,81,82,81,81,81,81,81,80,80,79,78,76,75,74,74,75,76,79,78,78,81,81,80,80,80,80,81,84,85,82,85,88,85,83,75
"DIFOMV.C",79,76,75,85,92,140,124,154,165,174,144,104,101,108,105,78,68,67,68,68,72,72,74,74,74,81,83,97,99,94,94,91,91,90,88,81,81,64,40,25,20,16,15,17,19,18,15,13,12,12,11,12,12,12,12,12,12,13,13,11,10,11,10,10,12,13,14,13,13,15,16,16,15,14,14,14,14,14,13,12,13,12,12,12,12,12,12,12,12,12,12,12,12,12,11,11,12,12,12,11,11,11,11,11,11,11,11,10,8,8,8
"DIFOMV.EXP",158,136,134,157,140,151,115,128,136,133,116,92,94,100,101,165,142,141,139,140,168,168,175,178,179,183,182,188,188,188,187,193,184,207,193,231,229,141,91,68,74,52,64,82,98,105,101,91,91,89,88,91,89,89,88,88,87,87,87,85,86,86,86,85,88,89,91,91,91,93,94,95,94,92,91,91,88,88,88,87,90,89,88,89,87,87,86,82,81,81,81,81,81,84,81,81,83,83,83,82,82,81,79,82,84,80,79,76,75,73,64
"DIFOWH.C",125,131,138,114,112,115,138,162,129,147,183,158,173,180,178,187,186,192,176,176,175,176,179,180,180,180,171,168,183,181,182,198,172,198,185,220,185,210,137,242,210,157,128,121,122,122,122,119,117,108,108,109,108,107,106,110,108,110,111,105,109,111,115,113,116,115,117,116,118,119,122,122,120,120,113,110,115,109,106,106,107,105,106,104,104,103,102,100,100,99,99,99,101,102,104,104,104,104,104,104,107,107,110,111,111,111,109,110,107,97,96
"DIFOWH.EXP",161,140,163,146,134,130,152,166,163,150,186,189,187,207,210,184,172,176,164,167,165,163,167,166,167,172,165,166,181,176,181,186,178,180,175,201,164,172,160,208,243,160,145,136,137,135,136,134,129,123,123,121,118,120,119,122,127,123,126,124,127,129,131,130,133,132,132,131,131,132,132,133,133,132,132,132,132,132,131,130,127,128,128,127,124,123,122,115,112,115,115,115,118,117,120,121,122,122,122,122,123,128,122,121,121,121,120,121,119,110,106
"DGFK.EXP",165,183,184,214,194,189,170,199,205,207,202,142,140,122,116,113,105,104,103,100,94,97,101,101,102,104,103,107,114,113,108,104,103,104,104,107,122,108,77,58,80,119,153,151,158,153,152,147,148,144,143,142,142,140,140,144,145,151,150,150,147,144,145,145,144,143,143,143,141,144,142,142,142,141,139,139,141,141,140,140,141,141,141,140,136,135,134,135,134,134,134,134,135,134,134,135,135,135,134,134,134,134,131,131,131,135,139,140,146,135,120
"DZEW",202,185,173,124,144,150,142,76,71,70,79,70,87,109,114,263,206,207,204,211,203,205,211,219,214,224,223,206,170,173,175,196,203,194,177,215,187,263,205,241,171,258,238,219,185,170,170,190,194,225,225,223,221,220,219,211,214,200,208,229,225,211,212,211,198,196,200,200,211,213,215,212,211,215,202,206,207,208,201,199,181,190,192,185,198,201,207,207,204,199,199,202,205,191,198,198,197,197,197,198,198,203,203,200,200,203,216,219,219,182,162
"DECBS2",155,158,168,244,261,221,206,171,170,146,142,174,167,186,224,81,67,68,66,65,68,68,70,69,70,72,73,68,89,88,84,86,87,86,93,61,82,55,39,52,29,23,19,19,18,16,14,16,16,19,17,18,18,18,17,17,17,17,16,16,15,15,14,14,14,12,12,12,12,12,12,12,12,12,12,12,12,12,11,11,11,11,11,11,11,11,11,11,11,11,11,11,11,11,12,12,11,11,11,12,12,12,12,12,12,12,12,12,12,13,13
"DECBS3",30,49,62,89,73,98,137,157,167,175,190,157,178,187,153,57,56,54,56,54,59,60,61,61,61,60,58,58,58,60,58,61,57,62,63,48,46,38,28,28,24,14,13,11,12,12,12,11,11,15,13,13,13,13,13,10,9,9,9,9,9,9,9,9,9,9,9,9,9,9,9,9,9,9,9,9,8,8,8,8,9,8,9,9,9,9,9,9,9,9,9,8,10,10,10,10,10,10,10,10,10,10,10,10,10,10,9,9,10,10,10
"DECBS4",92,103,94,107,145,182,135,229,232,235,249,202,214,167,144,79,75,73,70,67,70,71,71,75,76,76,77,83,82,84,82,81,76,94,94,82,87,77,60,39,40,29,24,24,31,29,26,25,24,24,24,24,23,23,22,22,22,22,22,25,26,26,25,27,27,29,31,29,29,33,32,33,30,30,29,28,21,22,21,20,20,20,20,21,20,20,21,21,21,20,22,22,22,22,22,22,22,22,22,22,22,22,22,22,22,22,22,21,21,21,19
"DECBS5",133,123,128,176,184,171,156,184,198,233,234,164,162,163,171,125,111,110,121,137,138,137,136,134,136,131,137,150,138,143,148,150,143,133,132,128,131,86,69,57,57,41,32,32,44,46,45,35,29,28,27,28,28,28,27,28,29,28,33,41,40,42,42,42,42,43,44,44,44,46,47,47,47,46,44,44,34,34,34,34,30,29,32,31,27,26,24,24,23,23,23,23,23,23,23,23,23,23,23,23,23,23,23,23,23,23,24,23,22,22,23
"DECBS6",236,238,246,241,251,219,196,252,250,234,210,212,207,192,197,152,144,146,134,133,153,150,153,157,156,149,142,130,151,150,150,164,166,128,124,147,144,257,210,227,123,94,78,80,75,77,76,71,71,72,69,71,72,70,70,77,77,76,75,72,67,67,67,67,67,67,67,67,67,65,66,66,67,67,67,67,62,61,60,60,59,59,59,59,53,54,52,53,51,51,51,51,52,52,52,56,53,53,53,53,53,55,57,57,56,47,46,44,47,43,36
"DECBS7",70,88,87,126,103,131,258,247,252,264,250,266,264,254,265,71,73,70,75,72,71,69,67,70,69,69,69,74,70,70,76,88,84,76,72,68,70,45,37,20,22,31,23,23,28,28,29,24,25,23,23,22,24,24,23,23,24,24,24,26,25,27,27,25,26,26,25,25,24,25,25,24,22,21,20,19,17,17,17,18,18,18,18,18,17,17,17,19,16,16,16,16,16,17,17,19,19,19,19,19,19,19,19,18,18,18,18,17,18,18,18
"DESI.INDU",89,91,96,164,165,218,186,259,253,227,230,248,249,239,203,67,64,62,63,66,67,67,68,68,68,68,70,73,78,81,83,83,78,79,86,65,79,47,35,26,21,11,10,10,11,11,10,9,7,5,5,7,7,7,7,4,4,4,4,4,4,4,4,4,4,4,4,4,4,4,4,4,4,4,5,5,5,5,5,5,5,5,6,6,6,6,6,5,5,5,5,5,5,6,6,6,6,6,6,6,6,6,6,6,6,6,6,5,6,6,7
"DESI.SERV",68,86,91,69,65,62,86,66,67,121,155,149,149,152,155,98,107,103,105,103,108,108,104,105,105,112,109,109,121,117,112,113,117,111,113,108,128,138,88,97,79,100,110,108,110,113,112,107,101,97,97,96,96,97,97,95,96,95,95,93,95,95,96,96,96,95,93,93,95,96,98,98,96,95,93,92,91,90,91,92,91,91,90,91,88,88,87,87,85,85,85,85,84,85,84,86,87,87,87,87,87,87,78,79,83,84,84,87,84,82,76
"DESI.C",27,26,34,31,35,33,38,44,40,40,53,64,61,86,84,69,69,71,73,69,65,65,64,64,64,63,60,76,83,76,78,78,71,66,65,86,64,72,44,40,64,78,83,83,81,78,78,77,75,70,70,69,68,68,67,66,71,73,69,67,69,68,72,72,70,69,68,70,69,70,71,71,71,71,68,70,66,65,63,62,61,61,62,61,61,58,56,60,56,57,58,56,57,55,54,53,56,56,56,56,56,56,53,55,53,54,57,55,58,53,51
"DESI.TRADE",214,201,198,255,254,192,264,163,168,160,133,127,131,138,126,139,125,127,124,123,119,116,117,116,116,122,131,142,174,159,162,140,151,197,191,119,124,134,56,149,73,103,118,122,124,133,134,131,125,124,124,122,121,123,123,120,126,132,134,129,131,134,134,134,132,133,133,133,134,135,136,136,136,136,134,134,134,134,133,132,129,130,130,129,123,125,125,126,120,121,121,120,121,118,123,125,125,125,124,124,125,127,121,120,117,122,122,125,122,117,115
"DESI.CTR",249,243,256,223,236,232,210,243,233,262,216,87,98,69,66,96,101,102,99,99,97,99,110,117,114,124,133,125,120,122,121,119,128,114,110,89,120,153,192,80,104,174,159,147,141,145,142,148,152,151,150,149,150,150,150,149,154,153,147,147,149,143,144,146,143,141,140,141,143,139,140,141,140,139,138,138,140,137,139,138,138,136,136,135,133,132,132,132,132,132,132,132,130,131,132,131,132,132,132,132,132,132,129,129,126,130,130,132,129,123,118
"DESI",23,32,37,36,42,38,46,46,48,76,108,85,88,90,88,51,49,49,50,50,52,51,52,52,51,52,53,54,60,59,57,59,56,57,59,52,56,49,26,23,23,21,22,22,23,24,23,20,18,17,16,16,15,15,15,15,15,15,15,15,16,16,18,16,16,17,17,17,18,18,19,19,18,17,16,16,16,16,16,16,16,16,16,16,15,15,15,15,15,15,15,15,15,15,14,14,14,14,14,14,14,14,14,14,14,14,14,14,14,14,15
"DECCS99",28,27,35,32,36,34,39,45,41,41,54,65,62,87,85,70,70,72,74,70,66,66,65,65,65,64,61,77,84,77,79,79,72,67,66,87,65,73,45,41,65,79,84,84,82,79,79,78,76,71,71,70,69,69,68,67,72,74,70,68,70,69,73,73,71,70,69,71,70,71,72,72,72,72,69,71,67,66,64,63,62,62,63,62,62,59,57,61,57,58,59,57,58,56,55,54,57,57,57,57,57,57,54,56,54,55,58,56,59,54,52
"DECCS1",178,189,194,192,210,214,214,248,247,223,215,186,189,212,216,190,163,165,162,161,158,158,155,155,153,150,149,178,159,157,147,154,153,137,141,166,127,123,76,174,184,243,253,252,252,256,260,241,235,255,256,252,253,250,248,227,234,233,227,228,229,225,220,220,215,214,206,206,207,210,207,198,200,201,195,195,191,194,187,188,190,187,187,192,181,188,185,200,185,184,185,185,176,181,177,177,176,176,176,176,178,189,171,193,184,197,194,203,199,196,193
"DECCS2",227,239,267,249,248,231,215,179,180,190,177,170,176,164,159,251,241,243,241,238,245,244,262,264,265,248,245,248,233,241,237,245,264,249,262,243,183,197,99,248,250,249,194,216,248,232,225,236,241,266,264,262,264,267,266,238,243,252,250,241,246,252,267,258,254,255,254,254,254,255,256,255,252,264,238,238,232,240,231,235,235,234,234,229,231,235,236,233,221,229,230,229,220,222,214,219,218,219,215,215,218,223,217,231,236,239,247,262,248,248,254
"DECCS3",20,28,33,19,28,31,51,52,46,38,48,46,43,49,54,40,34,35,34,32,31,30,31,31,31,29,29,35,42,42,42,32,31,25,27,24,14,16,13,14,25,37,48,42,39,36,41,49,51,55,55,54,53,50,50,47,56,54,51,50,51,52,61,62,61,59,58,59,62,62,62,60,59,59,51,53,45,43,41,41,40,40,40,38,38,36,36,38,32,31,31,30,30,31,30,29,29,29,29,29,29,29,28,30,32,33,34,34,32,32,28
"DECCS4",24,22,32,33,40,40,53,50,44,57,88,94,86,124,122,66,76,76,76,74,69,70,69,67,67,67,66,70,87,79,75,73,67,61,61,62,53,56,34,38,67,54,81,73,71,76,74,72,72,66,68,67,65,64,66,61,64,71,65,69,75,75,80,75,76,75,76,76,76,78,81,80,80,80,75,75,75,75,73,73,71,72,72,71,72,70,68,71,65,65,65,65,67,67,66,66,67,67,67,67,67,67,66,66,69,71,72,71,73,71,67
"DECCS5",244,246,263,253,133,142,131,124,133,124,134,205,204,185,183,256,266,266,263,256,247,245,246,244,244,250,251,182,173,174,178,215,210,192,200,158,256,218,240,184,140,145,126,110,114,108,108,114,116,118,119,125,125,127,127,125,128,125,120,119,121,123,121,122,123,125,126,126,125,123,123,121,122,119,120,120,112,112,113,111,110,110,110,111,106,106,104,108,108,108,108,108,109,108,111,112,112,112,112,112,117,117,113,107,106,106,105,103,104,98,94
"DECCS6",131,110,144,150,218,227,205,261,264,228,201,137,135,104,102,205,191,185,170,169,180,181,199,204,203,219,229,156,150,152,149,157,175,178,184,178,186,244,251,82,87,138,106,116,119,117,117,116,119,121,121,123,119,119,118,117,113,112,115,115,114,114,111,115,115,120,122,122,120,117,118,116,114,113,116,115,106,106,108,108,106,107,107,107,103,104,106,105,105,105,105,105,106,106,106,106,105,105,105,105,105,106,108,102,101,104,100,102,103,96,90
"DECCS7",40,38,42,47,47,36,45,56,56,63,89,103,103,98,95,76,83,82,83,77,74,73,72,71,71,70,71,104,106,105,104,95,94,88,85,117,115,118,72,35,61,83,79,74,73,70,71,67,67,65,64,62,60,61,62,64,70,69,66,65,65,65,66,65,64,64,63,63,63,67,67,65,64,64,64,66,58,58,57,55,52,53,54,51,51,49,49,49,46,45,45,45,46,44,44,44,44,43,45,46,48,45,45,45,45,46,48,47,48,44,38
"DECCS8",169,153,161,212,198,168,188,203,208,169,197,180,181,169,169,240,170,172,163,185,181,189,194,195,195,202,218,239,225,224,216,234,231,257,246,264,168,147,129,164,252,232,259,256,197,185,189,200,187,204,203,204,204,199,198,191,210,194,199,195,194,193,194,194,195,194,198,198,196,202,199,201,198,200,198,198,202,201,197,200,195,195,196,195,192,194,195,197,195,193,193,193,192,194,197,199,201,201,199,201,201,211,208,204,206,209,197,201,200,195,192
"DECCS9",243,240,254,265,267,246,251,232,240,239,263,151,144,139,141,192,203,203,214,218,231,233,241,236,238,241,266,252,257,256,238,262,239,233,230,250,165,121,154,144,264,236,257,258,242,265,262,256,266,262,267,260,265,259,257,246,260,247,251,238,255,244,239,243,237,239,239,239,239,237,241,237,236,239,236,234,239,235,236,237,232,236,236,233,219,224,224,229,211,214,215,214,213,214,215,212,211,211,211,211,208,219,218,217,235,234,212,212,225,226,226
"DECCS10",183,133,160,153,170,188,219,177,161,185,168,259,266,249,240,161,149,149,151,153,152,154,159,163,163,164,167,180,175,175,173,180,182,154,158,174,147,236,194,206,160,120,127,131,128,131,130,132,131,128,128,129,135,128,128,123,124,131,137,136,139,156,157,157,157,156,152,151,155,157,156,155,154,155,154,155,151,151,146,146,147,145,145,147,147,147,143,144,143,143,143,143,146,144,146,148,148,148,147,147,149,148,143,148,143,152,157,170,176,167,166
"DECCS11",35,51,59,62,63,63,60,62,50,33,37,47,49,63,69,115,99,100,100,101,96,94,97,97,98,101,105,112,112,114,111,115,107,98,103,114,88,125,114,199,182,225,199,238,206,201,191,217,208,203,204,203,203,198,197,185,189,180,191,180,189,195,203,199,200,195,193,191,193,195,193,192,194,199,191,189,179,179,179,178,183,181,181,180,182,190,183,193,184,188,189,188,184,187,189,187,182,183,181,180,183,188,180,194,181,193,224,225,221,220,215
"DECCS12",78,100,104,91,131,141,136,138,139,132,131,125,128,141,146,144,131,130,130,134,130,129,133,132,133,136,139,141,133,130,129,134,126,129,125,140,116,148,146,133,174,194,183,204,183,184,186,215,202,207,207,207,208,204,202,206,213,202,205,202,212,206,208,210,210,206,203,203,203,208,210,210,209,207,206,203,193,196,195,196,197,199,199,196,200,200,197,206,197,195,195,195,194,195,199,197,198,198,198,197,199,208,196,211,197,202,206,223,228,221,213
"DALQ",205,211,229,245,264,237,229,202,197,218,208,190,182,140,138,130,109,107,114,109,122,119,115,113,112,113,113,113,105,103,106,107,116,132,140,165,146,137,263,216,262,264,266,267,254,240,242,267,254,264,266,264,263,262,263,266,266,258,256,267,252,248,243,246,246,244,242,241,244,244,242,244,242,244,245,245,237,243,234,238,237,237,238,239,226,230,231,227,222,222,222,222,227,219,219,224,222,223,219,220,220,228,221,216,217,221,214,226,224,262,157
"DCAPA",67,101,95,103,102,102,97,95,95,92,145,176,180,147,147,126,108,105,104,102,101,100,106,107,107,116,118,115,113,112,110,108,104,157,126,102,103,115,113,143,141,161,165,158,164,159,171,143,144,153,153,152,157,156,157,161,163,169,203,176,178,173,168,171,170,167,166,175,175,152,152,151,151,151,155,154,154,153,153,152,152,153,153,153,154,153,153,151,150,150,150,150,150,150,150,153,158,156,159,158,156,159,155,163,158,164,169,169,170,164,159
"DWHOUR",219,130,130,191,115,103,148,150,152,155,121,140,134,165,182,225,257,264,260,263,266,262,252,249,248,257,267,258,259,251,255,255,262,246,222,205,179,151,224,218,213,262,252,250,257,263,248,254,259,233,229,233,234,226,224,230,229,238,255,256,240,236,233,235,233,232,234,234,240,248,258,257,261,256,249,248,253,251,248,250,256,256,256,244,245,256,251,259,255,258,258,260,263,264,258,258,253,253,255,255,251,252,256,252,245,249,240,237,253,256,249
"DOECDL1",16,21,20,29,46,54,71,102,100,105,113,100,100,97,78,20,20,20,19,20,22,22,21,22,22,22,22,27,29,29,29,28,26,26,25,18,16,13,7,3,2,2,2,2,2,2,2,2,2,2,2,2,2,2,2,2,2,2,2,2,2,2,2,2,2,2,2,2,2,2,2,2,2,2,2,2,2,2,2,2,2,2,2,2,2,2,2,2,2,2,2,2,2,2,2,2,2,2,2,2,2,2,2,2,2,2,2,2,2,2,2
"DOECDL2",13,15,18,24,29,42,52,78,82,77,75,58,58,59,58,9,12,12,9,9,12,11,12,12,12,13,13,15,21,20,19,17,16,13,12,9,8,3,1,1,1,1,1,1,1,1,1,1,1,1,1,1,1,1,1,1,1,1,1,1,1,1,1,1,1,1,1,1,1,1,1,1,1,1,1,1,1,1,1,1,1,1,1,1,1,1,1,1,1,1,1,1,1,1,1,1,1,1,1,1,1,1,1,1,1,1,1,1,1,1,1
"DOECDL3",17,20,19,30,45,53,70,101,99,104,112,99,99,96,77,19,19,19,18,19,21,21,20,21,21,23,23,26,30,30,30,27,27,27,26,19,15,12,8,4,3,3,3,3,3,3,3,3,3,3,3,3,3,3,3,3,3,3,3,3,3,3,3,3,3,3,3,3,3,3,3,3,3,3,3,3,3,3,3,3,3,3,3,3,3,3,3,3,3,3,3,3,3,3,3,3,3,3,3,3,3,3,3,3,3,3,3,3,3,3,3
"DMT.all",122,166,149,139,171,215,246,185,190,171,238,236,235,221,230,151,130,133,135,128,115,115,119,124,124,120,124,128,141,147,156,149,141,151,143,133,123,174,128,181,157,179,226,196,199,193,197,216,204,224,227,217,216,222,222,216,217,204,217,220,219,219,222,218,223,224,221,228,223,222,230,230,227,228,212,214,214,217,217,216,222,219,219,223,230,226,221,219,234,234,233,233,231,232,232,232,233,233,230,231,225,153,198,150,179,137,178,155,229,178,197
"DMT.future",174,222,210,179,197,217,247,258,256,260,227,209,213,226,219,196,176,171,181,182,171,170,172,173,173,174,169,185,184,196,199,181,192,211,188,211,173,250,227,236,192,212,249,230,234,235,233,244,248,257,259,257,256,258,258,262,251,242,245,240,248,246,248,247,250,252,250,252,253,249,252,251,250,252,237,237,250,247,250,249,253,252,252,257,260,257,254,247,257,256,256,255,259,261,259,260,262,262,263,262,263,166,229,181,192,172,233,182,256,168,222
"DMT.presence",140,188,177,169,191,265,253,215,222,204,224,223,225,205,190,171,134,152,153,144,131,132,132,136,134,133,132,134,182,189,203,212,173,202,181,161,143,179,131,169,162,191,232,203,207,190,192,213,198,215,219,213,212,212,213,198,200,195,210,213,214,213,219,213,220,219,214,217,220,221,231,232,229,236,214,216,211,215,207,204,212,211,212,210,225,220,215,220,229,233,234,234,228,228,227,235,234,234,229,228,223,152,192,153,168,134,156,150,208,198,201
"DMT.climate",144,191,180,156,181,229,250,221,227,222,262,261,259,266,263,175,143,148,152,147,135,135,141,141,140,138,141,144,163,179,185,166,159,181,165,160,140,232,159,225,161,190,234,208,212,206,207,223,218,236,237,234,231,234,234,224,219,215,223,225,226,229,231,228,229,230,230,232,235,233,239,236,237,238,223,223,225,226,223,222,230,228,228,230,243,234,230,230,242,241,243,244,238,241,241,245,243,243,240,239,237,150,201,155,171,140,186,157,241,169,199
"DMT.de",115,157,136,132,156,198,226,187,189,172,235,250,243,228,244,148,124,128,125,119,110,111,111,112,111,115,115,124,132,134,135,133,125,140,134,115,136,133,94,160,115,222,217,195,198,187,188,207,197,214,214,212,214,217,217,208,208,198,200,206,202,199,207,204,207,209,201,202,212,219,222,226,230,231,215,217,228,223,212,220,203,203,204,200,235,227,222,224,227,221,221,221,210,213,221,216,223,222,221,221,221,158,182,144,201,145,165,191,232,214,207
"DMT.de.future",159,198,185,162,183,187,256,238,238,238,239,217,221,236,223,181,158,158,159,159,156,156,163,164,164,163,161,176,168,183,186,159,181,183,166,146,188,211,230,263,139,201,218,207,211,204,206,220,215,232,232,232,232,238,240,229,227,216,206,218,216,220,226,224,221,228,219,225,226,224,227,229,233,229,211,215,231,231,230,231,221,218,220,220,236,229,229,222,233,223,223,223,221,227,224,222,224,224,223,222,229,176,211,170,219,177,203,206,261,201,235
"DMT.de.present",130,174,166,166,180,247,239,225,229,216,225,246,242,213,206,158,129,139,137,127,120,120,114,121,117,118,121,123,145,151,160,161,139,188,172,142,157,135,84,140,124,255,242,215,220,200,196,219,210,226,226,219,222,224,226,205,205,210,207,212,207,204,215,207,211,216,207,209,215,228,235,238,244,246,234,233,243,238,215,225,217,216,215,206,253,246,238,245,244,239,239,240,229,231,235,234,240,240,238,240,239,163,169,145,187,144,147,184,209,229,202
"DMT.de.climate",129,179,170,149,169,205,266,217,218,219,267,255,256,264,262,155,133,137,136,130,123,123,127,129,130,125,127,136,139,149,157,143,144,168,149,127,160,154,126,192,117,216,224,197,208,189,190,210,206,220,220,216,217,227,227,214,212,199,198,207,205,201,211,208,208,211,202,204,213,217,223,227,232,230,210,213,229,227,216,221,207,207,208,205,242,231,226,226,232,225,224,225,217,224,223,221,226,226,224,225,230,155,185,149,193,151,164,185,237,205,210
"DMT.budget",248,230,240,234,257,223,228,256,258,241,199,244,244,259,243,173,162,167,154,150,154,155,156,160,160,158,148,154,131,136,133,138,127,173,159,143,135,191,188,265,266,175,163,150,161,162,156,153,171,182,187,180,177,180,182,179,179,167,184,177,185,175,181,181,182,178,180,184,186,176,179,180,179,178,174,175,177,178,167,170,173,173,173,176,179,179,177,177,176,178,179,180,174,174,174,175,173,174,174,174,171,156,204,209,176,253,254,241,239,224,183
"DMT.currency",120,135,131,148,150,118,108,110,114,101,184,243,247,263,253,191,198,201,216,204,197,194,200,202,205,214,206,195,194,203,206,210,215,218,211,237,231,254,254,228,240,185,157,177,175,173,169,180,177,198,199,199,200,191,193,168,188,174,179,178,183,178,180,182,175,174,174,174,179,179,175,168,167,167,170,170,169,168,163,163,164,166,166,163,156,157,158,162,158,159,160,159,162,161,158,159,160,159,157,159,162,264,251,227,232,226,245,195,226,266,237
"DMT.labor",179,220,205,205,249,248,233,240,244,231,243,215,210,235,246,222,201,209,188,177,164,165,168,167,166,173,168,164,204,204,213,219,189,263,237,209,238,239,123,258,228,224,248,214,222,209,204,248,231,230,228,228,226,221,220,220,211,223,215,222,211,214,232,233,234,237,235,236,236,246,245,248,248,242,250,249,265,261,253,254,247,245,245,249,252,253,248,248,251,248,248,248,254,254,255,253,263,263,264,265,261,213,239,239,266,180,220,151,266,249,228
"DMT.cycle",66,94,93,87,87,94,109,89,87,64,117,115,115,116,120,107,97,99,101,96,95,95,98,99,100,99,96,110,122,121,120,116,109,103,101,101,96,146,124,121,151,158,172,161,167,165,165,165,160,168,171,166,165,167,167,162,164,159,161,169,167,163,162,162,168,162,158,159,161,165,177,174,178,182,166,166,162,161,161,161,160,160,160,160,161,159,156,158,160,160,159,160,156,160,163,162,161,161,158,157,153,142,194,135,160,157,180,194,260,157,223
"DMT.taxation",241,206,191,184,266,152,259,178,179,206,212,179,186,200,220,239,237,227,230,223,221,224,204,206,207,205,209,230,212,208,215,195,205,161,167,216,194,192,203,152,190,263,227,251,255,251,258,258,261,256,253,256,255,260,260,258,263,266,257,259,264,261,262,264,258,263,263,261,260,266,260,260,260,260,248,252,252,250,247,247,254,255,255,256,255,254,255,257,256,252,251,253,246,249,257,250,252,252,249,248,255,210,242,172,211,194,188,248,195,227,256
"DMT.de.budget",210,250,260,262,265,226,167,265,262,263,236,256,250,211,185,156,147,147,144,138,149,147,148,152,151,145,136,163,128,135,134,128,121,148,148,136,110,173,204,201,167,163,168,152,160,156,153,149,169,184,186,181,182,175,176,166,172,161,158,168,161,161,163,166,167,163,162,161,163,164,166,176,181,181,178,179,186,183,183,180,176,176,176,175,197,196,194,190,191,189,188,189,186,186,186,184,190,191,191,190,192,190,191,206,210,237,265,254,264,219,150
"DMT.de.labor",196,249,235,217,258,263,240,228,230,224,231,196,196,223,232,236,210,218,191,187,173,175,170,177,172,175,175,169,215,216,221,232,196,266,250,225,236,264,130,251,241,229,241,227,238,222,212,266,250,242,240,240,241,239,238,228,220,232,224,231,222,230,241,245,241,248,246,245,248,252,250,254,255,253,259,258,242,253,267,263,257,257,257,255,266,266,261,264,267,266,264,266,265,267,267,267,260,260,261,261,260,207,228,248,259,182,239,154,254,250,239
"DMT.de.cycle",59,84,88,99,105,139,113,103,97,79,126,124,123,125,129,101,94,94,93,90,90,91,91,91,91,94,90,100,111,111,109,106,100,97,99,93,90,128,96,69,70,137,151,142,145,140,137,141,139,139,140,139,138,141,141,141,143,142,146,151,141,139,141,138,138,142,141,140,142,141,151,152,152,152,149,149,142,142,142,142,139,140,140,139,141,139,135,134,138,135,135,135,134,136,136,137,137,138,139,139,140,131,146,128,136,205,141,267,265,199,255
"DMT.de.taxation",238,203,189,183,263,155,263,175,178,200,200,177,185,199,217,232,231,220,225,220,214,212,201,203,202,203,202,226,180,186,184,169,191,149,155,189,172,180,200,154,194,251,251,263,264,260,261,261,255,246,243,245,245,254,253,251,255,255,267,260,256,260,261,263,263,266,262,263,257,264,264,262,262,266,258,260,254,260,260,257,260,260,261,264,264,261,259,267,259,262,262,262,245,247,254,244,239,239,243,242,246,194,243,189,202,206,189,258,194,239,253
"Drword",124,112,123,172,160,85,90,75,81,153,207,213,216,214,215,160,200,196,198,202,178,179,181,186,186,187,190,209,247,244,250,229,209,95,122,175,145,266,245,264,187,178,74,66,79,85,84,76,73,68,66,68,66,65,64,70,67,68,73,74,73,73,70,71,72,74,73,72,71,72,70,70,70,70,72,72,65,67,67,65,64,64,64,64,60,60,60,56,60,60,60,60,60,58,57,58,58,58,58,58,58,58,92,109,133,260,154,234,259,175,130
"Drword_sc",97,92,112,145,152,84,91,86,90,140,160,134,138,133,133,137,166,160,160,166,160,162,166,168,168,168,176,181,221,215,223,216,179,99,121,168,159,222,214,253,136,210,93,79,84,90,87,81,80,77,76,75,74,74,73,78,78,78,76,76,77,76,75,76,75,78,78,78,77,77,77,78,77,77,76,76,74,74,74,74,73,73,73,75,71,72,73,68,67,68,69,69,71,73,69,68,68,68,69,69,69,69,109,112,146,212,158,256,257,180,147
"Dperc_dif.zeit.eco",237,193,220,220,204,169,235,245,245,197,173,204,202,190,184,252,253,248,239,229,255,263,261,256,260,262,259,262,248,250,256,225,229,189,238,163,198,238,220,214,236,139,213,210,204,216,213,246,223,245,250,243,243,244,242,236,245,244,249,244,251,249,249,250,249,242,248,248,247,242,247,245,249,251,243,243,258,258,255,259,258,259,259,258,267,264,264,261,266,257,257,259,251,251,250,256,256,256,254,254,258,260,261,263,262,261,258,264,198,143,266
"Dperc_pnword.zeit.eco",118,151,155,111,138,200,151,148,145,184,132,233,215,225,211,186,167,175,205,209,242,228,223,224,223,210,203,190,216,219,204,235,207,224,218,265,197,163,151,194,257,153,247,198,232,195,194,214,225,212,213,215,213,218,221,209,207,219,221,219,221,226,224,223,216,210,228,226,227,239,232,223,222,219,216,209,217,219,210,209,206,205,205,204,199,198,203,205,202,205,205,205,216,207,207,207,208,209,206,206,214,220,209,214,214,213,208,224,245,188,205
"Dperc_nword.zeit.eco",126,127,142,109,114,127,190,144,141,255,265,245,246,244,249,223,187,188,194,193,232,230,228,227,225,217,204,212,207,207,200,199,188,150,190,157,158,152,215,247,224,102,214,175,195,182,182,209,203,210,210,210,207,208,208,199,203,209,220,214,223,223,221,225,214,202,217,214,219,231,225,218,221,217,208,204,222,224,213,219,213,215,216,214,215,214,216,214,212,211,212,212,215,211,205,210,210,210,209,209,217,227,220,226,228,227,235,240,230,241,225
"Dperc_pword.zeit.eco",187,242,228,215,234,241,183,211,212,157,118,188,177,172,158,206,217,228,252,262,261,249,242,245,243,240,241,224,250,254,242,259,254,247,263,221,258,223,158,186,249,256,244,260,251,255,253,243,267,250,245,251,251,255,254,248,233,248,242,242,241,247,245,244,240,251,252,251,252,263,257,250,245,247,246,244,241,242,235,232,238,235,235,231,218,222,228,228,219,231,231,231,241,239,243,237,236,236,235,237,238,239,236,241,238,223,217,235,204,136,224
"Dnpword.zeit.eco",113,105,116,88,141,165,145,121,128,110,78,119,116,112,111,112,127,126,129,142,170,167,169,169,169,167,172,170,199,184,183,158,176,248,228,252,201,140,253,234,196,206,255,239,246,221,224,235,258,247,246,247,249,252,252,249,238,221,236,235,237,234,237,234,238,240,241,242,245,243,243,243,239,240,239,240,194,205,214,218,211,213,214,215,211,216,220,232,225,230,229,230,236,235,226,226,225,225,225,229,226,230,226,235,233,228,218,239,152,177,234
"Dnnword.zeit.eco",80,80,99,84,86,97,114,90,91,112,98,121,119,127,131,116,119,119,120,120,146,146,145,146,145,146,151,155,155,145,144,125,149,162,168,125,149,98,237,217,230,176,239,186,203,186,187,222,217,223,222,227,227,231,231,219,224,197,230,221,231,228,229,230,227,223,231,231,233,232,228,224,223,224,220,219,189,198,204,211,200,202,202,201,202,203,210,210,208,209,210,210,208,206,204,204,203,203,202,203,204,214,205,205,207,207,207,221,168,265,229
"Dnword.zeit.eco",104,90,113,90,130,134,144,113,119,103,87,117,111,114,113,104,121,118,118,125,155,153,158,159,159,157,160,171,186,167,168,136,167,220,209,184,175,116,233,239,212,217,264,236,245,236,238,262,260,260,262,261,267,265,264,267,264,234,254,253,261,257,257,260,267,261,264,265,267,262,261,264,266,265,261,264,215,230,237,242,240,241,241,242,244,245,247,252,249,250,250,250,249,246,249,246,242,242,246,252,241,242,244,247,251,248,252,266,143,218,236
"Dpvalue.zeit.eco",100,97,110,95,146,145,161,132,135,116,99,109,114,117,115,106,114,115,116,126,150,149,147,147,147,148,157,146,179,162,166,141,156,206,186,229,191,149,242,261,165,187,237,223,216,212,220,240,242,253,254,250,252,251,251,253,237,213,228,234,233,231,227,226,231,229,233,233,234,235,233,231,225,227,232,231,198,204,209,210,214,214,213,216,206,209,214,225,220,227,227,228,233,229,222,218,217,217,220,223,222,229,230,232,227,229,221,233,173,202,243
"Dnvalue.zeit.eco",81,77,98,80,82,99,105,92,89,130,100,116,110,126,123,118,118,122,122,121,137,138,143,140,141,144,146,140,148,138,137,122,136,136,146,122,141,107,221,156,237,171,225,171,193,181,179,212,199,219,218,218,224,228,229,217,221,203,233,217,230,227,225,227,224,213,223,227,225,229,226,220,219,221,204,202,183,188,192,201,194,196,197,197,196,197,198,203,203,197,197,199,201,200,194,195,195,195,195,195,197,205,197,198,196,196,198,214,174,267,227
"Drpvalue.zeit.eco",231,245,232,236,230,233,177,224,215,242,255,252,253,258,256,226,267,256,246,246,262,257,263,263,264,261,264,260,267,264,265,253,244,200,223,259,210,245,257,171,246,218,185,245,241,223,216,227,245,221,217,225,230,225,225,213,222,235,234,230,232,237,238,238,235,241,240,240,241,236,238,234,235,232,240,239,235,239,233,236,229,230,230,228,240,237,237,237,228,226,226,226,234,234,238,241,244,245,236,235,235,237,233,240,240,235,241,242,244,257,260
"Drnvalue.zeit.eco",222,252,244,260,238,234,230,208,213,196,195,231,237,217,221,230,248,234,227,221,239,239,226,228,227,228,227,261,218,221,218,223,226,256,267,232,206,200,169,224,207,238,223,257,229,244,245,230,240,213,212,214,215,216,216,226,228,207,216,223,218,218,223,221,226,236,236,238,222,218,219,233,231,225,235,236,236,236,243,243,231,233,233,241,233,239,232,242,231,228,228,227,230,230,233,236,237,237,239,245,240,245,250,246,239,241,229,218,187,197,156
"Drvalue.zeit.eco",203,175,187,203,161,137,163,188,173,245,252,263,262,247,242,262,209,222,231,225,220,225,235,231,232,236,234,221,240,243,249,233,228,187,232,170,221,255,247,135,219,149,235,209,235,237,230,257,247,265,263,265,266,261,261,242,256,264,259,258,266,266,264,261,260,256,259,259,265,265,266,261,263,259,256,255,266,265,259,260,263,263,263,260,263,267,266,263,265,267,267,267,264,263,260,264,264,264,262,260,262,262,259,262,265,267,257,247,263,200,231
"Dperc_dif.zeit",156,126,162,178,132,122,168,167,172,258,257,224,223,233,225,227,190,195,196,197,205,208,205,205,206,209,215,232,252,249,254,248,238,179,195,181,242,224,140,191,265,193,207,234,209,228,228,253,238,240,241,236,239,229,228,239,247,230,241,243,249,251,254,256,251,243,247,247,251,240,255,259,258,257,252,251,261,264,262,267,251,250,251,251,258,265,265,258,260,263,263,263,260,257,244,252,249,249,245,246,248,254,257,254,243,255,250,198,177,242,152
"Dperc_pnword.zeit",110,141,135,151,137,185,117,140,144,170,115,175,166,178,166,241,224,226,222,224,225,221,208,207,208,208,201,161,220,226,217,236,247,222,224,234,202,196,98,243,169,142,265,241,250,211,210,231,256,241,238,239,238,245,246,232,236,240,239,247,245,250,253,255,253,250,253,253,256,267,259,256,254,255,254,250,245,252,245,246,243,244,244,243,227,236,239,234,237,238,238,239,243,244,245,243,248,248,244,247,256,257,253,258,253,242,253,228,147,166,160
"Dperc_nword.zeit",85,85,111,112,80,90,110,123,127,213,149,171,165,175,163,211,174,173,183,186,191,191,187,190,190,192,192,172,224,223,222,226,232,165,179,172,204,193,234,230,209,136,228,228,217,203,199,232,237,227,224,222,218,223,223,223,232,225,231,237,239,242,250,249,242,238,243,244,250,250,254,249,251,254,244,242,248,255,246,248,239,239,240,240,248,249,242,236,243,246,245,246,244,243,236,238,235,235,234,236,242,243,247,249,241,245,243,255,222,213,258
"Dperc_pword.zeit",262,218,243,247,233,197,241,263,265,210,162,262,254,260,264,248,228,229,237,236,249,250,248,251,251,252,263,231,251,261,251,267,259,238,242,236,247,251,82,193,199,221,222,265,243,254,247,247,262,261,261,266,261,264,262,259,258,267,263,266,260,263,265,265,266,267,265,264,262,247,263,266,267,261,267,267,255,259,258,252,261,262,260,261,234,248,249,250,248,249,249,249,255,256,266,261,265,265,266,266,266,267,265,266,264,252,267,193,137,172,128
"Dnpword.zeit",185,173,165,142,228,249,212,192,193,186,119,141,137,158,156,134,188,177,182,190,194,195,203,201,204,198,210,204,243,237,244,174,224,213,227,213,245,216,115,112,254,242,216,232,226,253,256,211,183,206,206,205,205,194,190,207,206,227,204,215,213,216,209,214,206,203,209,208,206,200,211,207,210,205,217,212,257,245,251,239,248,246,246,248,250,244,240,218,236,224,225,224,224,225,234,231,232,232,232,232,232,235,232,224,223,232,230,137,131,142,131
"Dnnword.zeit",63,67,80,71,70,72,85,85,92,134,81,110,107,118,118,117,123,123,127,129,136,142,144,144,144,147,154,158,189,182,180,142,185,226,213,218,226,136,174,172,263,259,263,261,267,242,239,239,224,252,252,246,246,247,243,254,230,261,244,248,247,243,235,236,236,247,245,246,237,241,240,241,240,233,253,254,249,267,264,264,259,261,262,259,265,262,262,255,264,261,261,258,262,262,261,259,261,261,260,263,264,261,264,265,261,256,261,146,157,145,176
"Dnword.zeit",182,149,151,144,224,207,261,239,236,243,191,234,228,245,251,127,164,161,169,179,202,207,206,212,213,207,238,256,239,258,246,205,263,190,207,198,218,265,111,83,244,204,195,205,191,217,219,183,173,176,174,174,172,166,164,175,166,211,186,186,182,189,185,186,181,177,185,185,184,187,184,178,183,177,193,191,234,221,225,215,225,223,225,222,214,207,206,195,207,196,196,196,202,198,213,213,216,216,214,214,213,221,210,207,203,208,204,138,134,139,140
"Dpvalue.zeit",99,99,107,125,177,176,204,172,175,152,125,138,143,171,177,120,151,143,142,149,163,164,164,165,165,165,173,179,195,185,195,146,161,264,260,242,241,201,173,170,218,244,260,254,263,246,250,252,243,244,242,242,244,240,235,261,267,251,266,263,265,262,255,259,264,265,261,260,263,258,265,265,265,267,263,263,238,241,240,245,252,253,250,252,237,247,250,262,253,259,260,261,258,259,251,248,247,247,250,256,257,259,266,264,263,263,264,144,148,217,145
"Dnvalue.zeit",65,69,77,74,66,70,77,71,79,128,52,81,75,92,94,114,120,121,119,118,116,121,124,128,128,128,138,132,152,142,143,126,150,171,170,153,156,129,198,237,245,235,256,248,258,229,222,250,246,259,258,258,258,253,249,264,241,260,247,252,250,253,242,241,252,259,256,257,249,253,251,253,259,249,260,262,230,249,249,256,242,247,247,245,251,258,257,254,252,254,253,254,256,258,247,242,241,241,241,243,247,248,249,251,249,240,246,156,160,148,195
"Drpvalue.zeit",189,169,181,225,211,213,234,264,261,205,194,228,238,256,259,249,265,254,248,242,233,234,225,225,226,230,233,247,223,231,233,214,217,186,215,260,182,225,264,178,248,260,254,253,259,238,241,225,200,238,239,238,237,230,230,233,223,226,225,233,228,232,230,229,230,226,232,230,229,238,236,235,234,234,225,225,209,212,218,217,224,222,218,218,209,215,217,215,214,218,218,218,212,208,209,206,205,205,210,210,215,224,224,220,216,217,232,250,251,235,163
"Drnvalue.zeit",230,233,196,193,203,209,257,254,249,259,259,251,248,262,266,247,261,258,254,267,250,246,257,257,262,260,262,217,253,255,252,254,249,262,261,240,267,144,65,131,127,250,190,188,192,213,211,189,186,181,181,184,189,181,178,181,191,172,171,166,170,168,173,168,185,184,181,183,183,184,182,185,190,189,197,197,188,187,196,195,187,185,185,189,184,187,184,192,179,182,183,182,185,184,182,185,187,187,192,193,191,200,195,195,186,190,175,179,120,120,132
"Drvalue.zeit",117,125,127,117,89,78,112,107,106,162,140,126,126,131,136,194,153,159,157,162,166,166,174,174,174,182,184,159,209,195,196,202,212,170,183,137,181,240,236,173,251,170,229,246,236,252,257,245,257,258,255,259,259,257,256,255,250,265,237,239,238,240,236,231,245,253,249,249,243,251,244,247,246,245,255,257,233,237,244,241,250,249,249,254,222,233,235,246,235,235,236,235,237,237,246,239,245,244,247,251,244,244,246,257,252,246,244,245,262,236,198
"Dqdap_value",232,207,202,238,201,220,242,194,200,225,178,192,184,198,207,215,251,245,250,250,259,259,254,250,250,249,235,267,264,266,263,228,256,243,241,266,233,150,265,176,179,228,233,212,253,233,229,229,226,229,221,230,233,236,237,237,244,222,235,236,235,238,240,239,239,246,244,243,238,254,248,242,256,248,247,247,263,266,265,261,264,264,265,266,256,263,260,260,250,243,241,238,248,248,253,249,259,259,252,249,249,251,241,259,247,238,226,236,236,247,263
"Dqdap_nword",220,228,234,232,188,177,179,180,183,165,209,184,194,204,193,265,227,232,234,228,211,215,212,208,210,221,212,214,190,193,189,243,198,204,198,188,192,183,139,86,202,180,170,184,187,199,201,155,189,155,152,153,158,154,154,160,159,177,160,165,160,167,164,163,162,165,169,167,164,156,159,160,161,160,161,159,201,189,185,182,191,189,188,186,191,184,186,173,180,179,180,178,178,177,184,190,184,184,185,185,186,196,181,184,166,176,182,173,178,170,168
"Dsent_nneg",116,109,119,129,166,148,157,165,171,230,127,178,170,184,187,147,173,163,173,184,188,186,188,188,189,186,191,211,235,230,229,189,237,242,247,247,262,246,256,139,247,247,219,240,260,267,265,205,249,200,193,201,202,202,199,203,193,228,214,211,209,205,193,195,199,205,204,201,198,198,200,206,203,197,199,200,244,218,220,213,226,225,224,219,212,206,208,201,210,202,202,200,203,202,216,215,215,215,216,216,210,225,213,219,212,216,211,199,202,207,203
"Dsent_npos",212,204,215,221,186,166,192,191,194,180,217,201,203,216,208,257,220,225,226,222,224,227,221,221,221,226,219,242,213,210,205,257,214,209,204,193,215,190,164,103,226,220,192,211,215,219,221,187,207,171,169,168,171,163,163,174,177,186,172,182,179,182,184,183,184,183,187,181,187,167,185,189,188,188,186,186,220,206,205,198,210,209,211,213,216,208,201,191,196,191,191,192,193,192,200,203,200,200,200,200,200,209,199,197,185,198,201,187,197,191,188
"Dsent_negv",136,124,126,133,159,143,158,169,182,252,120,166,159,182,180,157,189,184,190,199,200,200,196,198,196,193,196,216,237,236,234,201,243,250,259,244,260,259,225,157,234,254,211,226,247,250,246,196,229,186,184,187,185,189,188,194,183,217,201,201,197,194,189,189,192,198,197,197,192,193,195,196,195,193,200,201,247,222,222,214,227,226,226,221,217,213,209,204,205,200,200,198,204,203,218,220,220,220,218,219,216,226,214,221,213,220,210,200,203,210,200
"Dsent_posv",247,236,238,242,216,202,195,201,207,203,214,203,198,209,202,216,242,251,249,245,236,240,245,242,242,245,237,245,214,212,201,249,219,223,210,171,212,214,184,123,258,211,203,233,227,239,227,199,221,177,173,178,188,177,174,184,194,214,190,204,198,196,206,209,213,208,210,210,205,190,209,216,212,210,205,207,212,210,211,207,218,217,217,225,228,219,218,199,216,210,211,211,219,215,229,229,229,229,231,233,231,231,227,234,220,225,231,210,213,212,211
"Dsent_nwords",218,227,233,231,190,178,180,181,184,164,203,182,191,202,192,267,226,231,233,227,212,216,213,209,211,223,211,215,191,194,190,242,199,203,197,187,190,182,134,90,203,182,171,185,189,202,203,157,190,156,155,155,160,155,155,163,160,178,162,167,162,169,166,164,163,168,170,169,166,158,160,161,163,161,162,160,204,190,186,183,192,191,190,188,193,186,189,174,182,180,181,181,180,180,185,191,186,188,187,187,188,197,184,186,167,178,184,174,179,171,171
"Dsent_val",132,113,121,122,129,112,121,137,150,215,95,130,125,137,137,180,168,170,180,188,185,184,190,184,187,189,188,202,208,200,192,187,213,221,216,169,230,242,266,220,238,257,231,237,266,264,264,221,253,211,211,211,210,219,218,225,204,236,229,226,224,224,199,200,205,220,213,213,208,220,216,215,214,209,228,228,264,244,238,233,244,242,242,238,223,225,227,231,223,217,217,216,226,221,230,227,230,230,228,230,227,232,225,236,231,233,219,215,214,232,220
"Dposextind",256,248,252,259,229,210,199,206,209,211,226,220,220,238,228,193,254,263,262,260,251,253,256,254,254,266,253,254,217,220,211,256,223,229,219,177,213,229,185,137,215,215,210,235,233,247,240,204,232,189,188,190,195,187,183,192,202,218,197,209,203,202,216,215,219,222,220,218,214,201,214,219,213,213,209,210,218,214,219,212,223,224,222,227,232,223,219,202,217,213,214,215,225,217,231,230,231,231,233,234,234,234,231,233,226,230,228,205,212,211,194
"Dnegextind",180,159,172,154,209,193,207,253,259,240,193,242,231,248,252,176,221,213,223,231,258,258,249,246,245,238,247,249,254,262,261,239,252,251,253,257,250,227,178,118,170,226,189,200,228,226,218,188,211,170,168,167,168,172,170,183,168,190,181,174,174,174,171,172,171,176,177,177,173,166,168,172,174,172,180,181,205,193,188,186,193,192,191,191,188,181,182,183,177,175,175,172,179,178,187,189,191,190,189,189,189,199,186,190,177,187,176,175,180,181,173
"Dvaluext",168,134,148,141,173,138,155,176,196,265,146,193,172,201,194,195,205,199,215,215,241,236,237,234,234,232,230,241,241,246,236,218,251,261,258,227,246,241,206,142,175,252,209,206,237,230,223,197,212,185,183,185,179,193,194,196,181,196,193,179,184,177,172,173,172,182,178,178,176,181,180,177,180,174,185,187,213,197,194,190,196,194,193,193,183,182,190,186,178,176,177,176,183,182,188,186,189,189,186,186,187,198,187,191,182,188,174,178,183,189,189
"Dqdap_value_median",204,176,174,204,187,179,197,173,177,220,170,214,197,210,239,177,216,206,211,212,192,190,192,191,191,194,193,199,234,217,214,207,246,237,239,235,152,207,239,266,267,267,267,266,265,266,266,264,265,254,247,254,254,256,255,263,262,256,264,251,259,264,266,266,261,258,260,262,264,261,267,263,264,263,257,259,216,225,239,230,241,240,239,232,259,251,252,238,245,253,254,256,252,253,256,257,254,254,259,259,259,258,255,253,260,262,262,263,258,264,240
"Dqdap_nword_median",265,224,214,207,260,257,260,257,260,246,253,225,227,227,227,203,255,267,258,255,235,237,234,235,235,239,246,236,203,209,202,266,220,205,212,183,224,181,116,100,204,208,193,220,214,225,231,184,201,179,175,177,176,174,171,176,173,182,183,185,175,181,179,177,177,179,179,179,177,171,173,169,169,169,179,177,173,171,173,169,171,169,169,169,172,170,162,153,155,154,154,154,157,156,159,161,162,162,161,161,160,164,152,157,151,158,152,160,161,155,143
"Dsent_nneg_median",242,184,179,174,242,250,222,242,243,244,241,249,252,257,257,200,258,253,267,266,234,232,233,233,233,233,239,235,219,225,225,260,221,231,236,195,222,194,143,101,217,189,179,192,210,224,235,193,213,180,177,176,173,184,181,186,171,201,194,193,195,185,177,180,183,188,186,186,180,170,171,175,168,175,176,180,175,167,172,168,168,168,168,167,169,168,167,159,169,163,162,162,164,163,168,168,164,164,164,164,164,171,161,165,162,168,161,168,164,160,178
"Dsent_npos_median",233,232,200,181,245,239,249,266,267,261,256,232,239,242,245,202,250,242,256,265,263,264,266,261,257,255,242,264,255,267,259,190,255,244,255,202,252,205,147,113,216,205,200,218,223,234,237,185,209,187,185,183,180,173,168,177,184,185,185,187,180,180,178,178,180,175,176,176,174,168,176,179,175,176,173,169,171,173,175,171,177,177,177,179,176,176,170,160,162,161,161,161,158,157,155,160,159,160,162,162,163,167,159,160,155,166,167,167,167,162,153
"Dsent_negv_median",261,192,188,128,207,174,154,220,226,249,213,247,234,229,229,188,232,216,218,206,223,223,218,216,217,211,208,219,245,245,243,171,253,259,254,246,263,234,153,91,188,181,174,179,190,208,209,179,192,167,167,161,163,164,165,180,169,192,175,173,177,176,176,176,179,189,184,187,181,183,178,181,176,179,171,174,178,169,177,176,175,174,175,174,175,174,173,164,161,158,158,157,168,167,178,178,177,177,178,178,177,184,175,178,170,179,159,166,166,163,136
"Dsent_posv_median",171,164,146,113,199,184,176,222,216,198,233,206,208,240,236,154,193,183,192,198,213,209,198,197,197,196,194,210,261,247,262,165,248,267,266,238,255,198,177,110,232,195,184,229,230,243,244,195,233,202,202,198,197,196,196,200,201,206,195,210,210,209,210,212,217,217,216,216,210,199,208,209,205,206,207,208,196,200,200,194,199,200,200,203,185,189,181,176,183,181,182,183,182,175,176,182,180,180,182,182,179,187,176,179,175,186,190,176,181,173,164
"Dsent_nwords_median",263,217,203,202,262,259,262,250,254,254,244,227,233,237,233,198,263,257,265,259,244,243,240,241,240,243,250,238,210,214,207,263,222,212,217,190,225,187,118,102,206,209,197,224,218,231,236,186,205,183,178,179,178,176,172,178,176,184,188,188,176,183,182,179,178,181,182,180,178,174,174,173,170,171,181,178,176,174,174,172,172,172,172,170,174,171,163,157,156,155,155,155,159,158,162,163,163,163,163,163,161,165,153,158,154,160,155,161,162,156,142
"Dsent_val_median",215,244,247,258,244,251,213,195,186,148,228,194,219,224,231,253,234,239,224,232,208,206,207,210,209,215,213,223,211,211,228,241,206,191,199,233,232,164,92,104,159,197,173,162,182,192,193,169,185,166,166,162,159,158,158,157,146,187,189,161,168,166,160,159,160,170,168,168,165,180,170,165,164,162,158,162,156,155,156,156,155,155,155,152,148,150,150,149,148,144,144,144,148,148,149,149,149,149,149,148,147,146,142,146,142,148,140,142,149,138,221
"Dposextind_median",188,181,175,115,178,204,187,205,202,158,185,267,263,253,261,179,215,204,219,217,228,226,222,217,219,216,214,228,258,248,260,168,241,254,265,223,244,171,136,108,229,214,191,222,231,245,243,201,239,196,191,194,201,195,192,218,218,208,209,224,215,215,218,222,218,221,222,224,216,203,203,202,199,196,213,211,197,202,199,197,198,198,198,202,195,195,193,180,188,183,184,184,190,185,181,188,185,186,190,191,190,195,189,192,188,195,192,186,192,187,177
"Dnegextind_median",217,263,257,187,246,266,202,255,246,212,251,187,205,219,218,246,233,236,245,249,248,247,247,248,249,251,261,251,236,238,240,220,235,235,245,203,254,226,132,79,145,177,169,169,186,198,195,177,191,163,160,157,156,160,160,167,165,181,167,171,169,170,165,167,166,173,175,173,171,162,162,167,165,164,169,173,163,160,168,165,165,165,165,164,163,163,159,152,152,152,152,151,154,154,160,158,156,157,160,160,154,157,154,156,150,162,150,153,158,151,133
"Dvaluext_median",234,264,262,257,237,244,209,183,187,142,192,183,209,215,212,258,240,244,240,241,210,210,210,211,212,218,216,222,205,206,220,240,202,196,205,207,219,165,101,111,173,199,187,181,202,207,202,191,196,174,180,173,169,183,185,201,186,239,219,197,206,207,198,197,203,207,205,205,202,206,205,204,197,195,190,192,187,185,184,187,184,183,183,183,173,177,178,175,172,166,166,166,177,176,179,179,179,179,179,181,181,191,173,182,169,171,163,171,175,174,186
"DlnEX",240,237,201,211,200,144,88,99,103,114,85,76,82,95,100,228,246,247,257,258,243,242,239,243,241,237,236,244,244,252,247,227,240,239,244,148,133,188,235,238,168,135,122,118,147,142,138,135,140,138,137,136,137,134,134,145,151,158,182,189,199,217,201,201,201,200,194,196,200,207,204,205,204,203,196,196,192,195,193,192,185,188,189,190,187,185,188,171,167,173,173,173,171,171,170,172,171,171,171,169,169,170,157,168,172,183,181,190,188,185,209
"DlnEXR",229,258,225,224,217,158,100,104,108,117,91,77,85,99,104,242,264,262,261,261,253,254,250,252,252,247,243,246,242,253,248,230,245,241,256,149,138,184,243,257,148,123,117,117,142,137,135,133,133,135,135,134,134,131,130,142,148,156,180,181,193,210,195,198,196,197,191,193,197,204,198,197,202,198,194,193,190,192,190,189,182,186,186,187,186,183,187,170,166,174,174,175,173,172,171,173,172,172,173,171,170,169,156,167,173,184,183,192,189,186,180
"DlnDAX",206,199,190,171,162,153,160,207,217,195,153,136,142,150,149,149,145,145,141,139,140,141,142,139,138,135,135,133,130,128,127,131,118,108,108,124,126,94,109,145,102,77,92,113,109,106,106,100,95,95,95,95,95,95,95,92,92,93,92,94,96,97,95,97,97,96,94,94,94,94,96,99,97,96,92,93,92,93,95,95,95,95,95,95,91,93,93,92,93,93,93,93,94,94,94,94,95,95,95,95,94,93,89,90,90,90,92,86,105,111,108
"DlnHWWA",69,89,85,98,83,68,94,134,131,95,157,208,199,176,174,100,104,109,107,108,118,118,118,115,115,121,130,117,123,123,128,145,130,135,137,210,235,199,172,215,138,88,58,47,40,47,46,36,30,33,33,32,31,33,33,36,44,44,48,49,49,58,55,58,59,60,60,60,59,59,59,59,60,60,56,56,50,50,43,43,42,42,41,40,36,35,33,30,29,29,29,29,29,29,29,30,31,31,31,31,31,31,32,31,30,29,31,31,27,28,25
"DlnHWWAR",73,93,86,100,84,66,92,133,130,94,156,210,200,174,172,103,106,112,109,110,121,122,122,119,120,123,120,120,124,125,130,152,137,141,144,219,239,195,168,210,142,91,59,50,42,48,48,38,34,35,34,34,33,34,34,40,45,45,49,52,52,60,59,59,60,61,61,61,60,60,61,61,62,62,60,58,51,51,44,44,43,43,43,42,37,38,37,33,31,30,30,31,32,30,31,34,33,33,33,33,33,34,35,35,33,32,33,32,30,30,26
"DlnHWWA.E",142,160,139,167,139,91,99,145,149,109,169,218,211,191,198,159,175,190,174,178,201,199,195,193,194,197,199,194,198,202,212,244,230,236,234,255,264,178,155,207,223,146,101,93,87,91,88,82,82,80,80,78,75,81,80,79,80,80,80,79,78,77,76,77,79,80,80,80,79,80,79,79,79,79,78,78,76,77,77,76,75,75,75,74,70,71,69,70,69,69,68,68,69,68,68,69,71,71,71,70,71,70,69,67,64,64,64,62,64,62,56
"DlnHWWA.ER",143,162,140,168,142,88,98,143,146,107,166,219,212,189,196,163,177,191,175,181,204,201,197,196,198,200,111,198,206,205,219,250,236,240,240,263,259,176,152,202,225,148,103,94,88,92,89,84,83,84,83,80,77,83,84,82,81,81,81,80,79,78,78,79,80,81,81,81,80,81,80,81,81,81,80,79,78,79,79,79,77,78,78,77,73,73,71,72,72,71,71,71,72,69,70,73,73,73,73,73,72,73,71,69,67,66,66,64,68,65,59
"DlnHWWA.EX",107,107,106,93,101,74,69,60,65,65,60,53,53,48,52,59,78,77,80,82,75,75,73,72,72,71,75,81,100,95,95,85,77,116,123,116,105,126,180,146,96,80,55,63,57,64,60,61,56,51,50,50,48,55,54,55,51,50,54,53,50,49,50,51,52,53,57,57,55,54,55,57,55,54,53,52,48,45,45,45,44,44,44,43,41,39,38,41,41,37,38,38,40,36,37,38,38,38,40,40,40,40,41,42,39,38,38,36,35,33,29
"DlnHWWA.EXR",105,106,105,94,97,69,64,54,59,59,55,54,52,47,50,60,79,78,82,84,76,76,75,73,73,73,65,85,102,100,99,90,83,120,128,123,107,132,193,155,100,81,56,61,54,62,58,60,57,52,49,53,50,56,55,56,53,51,56,55,53,54,53,53,53,55,59,58,56,57,58,58,58,56,55,55,49,48,46,46,45,45,45,44,43,42,39,42,42,39,41,41,41,39,39,39,41,41,41,41,41,41,42,43,40,39,39,37,36,35,30
"DlnOIL",58,59,63,56,37,30,40,35,36,56,74,83,102,94,98,90,102,101,102,97,103,106,103,102,104,109,112,119,116,115,117,114,112,109,107,118,195,260,246,117,92,61,53,44,65,65,62,59,53,48,46,47,49,48,47,52,52,56,53,54,59,61,60,60,62,62,62,62,61,61,60,62,61,61,62,60,54,53,54,54,51,50,50,49,47,47,48,47,44,43,42,43,44,43,43,46,43,44,43,43,44,46,43,41,41,41,41,40,39,37,32
"DlnOILR",141,163,141,170,136,89,102,142,148,111,161,221,218,195,199,162,171,179,166,174,199,196,193,192,193,195,116,201,196,198,208,238,227,228,220,241,257,175,157,212,221,147,108,97,89,94,90,85,84,85,84,82,79,82,82,81,82,82,82,81,80,80,79,81,81,82,82,82,82,82,82,82,82,82,81,81,79,78,78,78,78,77,77,78,74,74,72,73,70,70,70,70,73,70,71,72,72,72,72,72,73,72,70,68,66,65,65,63,69,64,58
"DlnCPI",224,223,248,263,225,146,122,190,191,173,181,241,251,203,204,243,239,240,238,237,219,214,214,213,201,206,183,186,167,171,159,144,162,166,173,139,174,131,121,132,235,231,236,190,163,157,155,175,180,205,198,206,206,209,209,212,215,212,232,200,190,191,187,192,191,193,196,195,191,192,187,188,191,191,188,194,184,191,189,193,186,193,194,194,194,192,175,179,187,185,176,179,187,179,175,176,175,175,177,179,180,180,172,166,148,155,153,165,165,153,155
"DlnCPI.EX",208,253,208,186,205,262,201,186,185,237,223,143,141,157,176,166,146,154,147,152,148,152,131,131,127,132,119,143,127,129,124,123,124,127,127,113,142,143,187,179,132,167,186,193,201,205,214,208,184,209,208,209,211,205,205,188,199,173,168,190,187,190,191,190,193,190,199,199,199,194,197,203,186,180,189,185,182,181,182,181,180,178,179,181,178,178,196,198,192,194,194,194,196,196,191,202,199,199,204,204,202,217,206,212,224,224,234,227,220,237,233
"DlnTARIF",173,197,212,227,241,254,248,230,235,149,158,129,133,128,127,209,219,208,208,205,209,218,216,218,218,213,224,234,260,235,239,247,186,255,257,261,251,253,262,260,176,265,262,247,200,227,226,242,228,239,236,241,240,241,259,245,239,220,222,216,244,212,214,217,225,218,215,215,209,197,196,208,206,204,224,224,199,207,229,227,205,208,207,212,210,212,211,209,200,206,206,206,223,220,210,211,212,212,212,213,211,222,216,218,209,204,205,209,217,209,214
"DlnIP.VORL",114,147,156,182,158,107,129,131,110,126,102,107,108,103,109,210,244,250,255,257,265,267,267,266,266,259,252,255,263,242,245,231,267,210,225,212,169,228,189,209,195,266,154,130,115,109,114,112,113,112,112,111,112,106,104,103,103,113,112,117,112,110,107,108,108,106,111,111,119,128,127,126,126,126,110,108,107,105,102,101,98,99,101,101,100,100,101,101,99,98,98,98,99,98,98,98,98,98,98,98,100,99,99,99,104,101,104,106,99,94,91
"DlnORD.C",192,221,222,222,122,240,29,219,214,232,189,211,217,218,200,183,223,219,244,247,246,252,265,267,267,265,225,259,262,265,264,246,257,253,243,245,177,208,248,255,211,219,212,191,184,172,183,255,236,231,233,231,225,237,239,231,225,229,226,257,236,239,244,240,248,254,255,255,255,260,253,258,253,262,241,241,262,172,232,234,228,229,229,226,262,252,256,251,246,247,247,247,253,252,264,265,267,266,267,267,267,266,262,267,257,257,249,261,267,259,267
"DlnORD.I",207,241,242,177,168,126,42,155,164,156,151,159,168,168,164,170,155,151,131,141,147,148,157,154,155,160,153,126,162,144,139,188,171,143,139,130,121,124,90,99,83,159,109,99,97,89,96,94,89,94,94,93,93,93,92,93,91,91,88,92,88,87,88,87,95,93,97,95,96,104,106,102,100,101,98,97,90,128,89,91,88,88,89,88,93,91,90,91,89,89,89,89,89,89,90,90,91,91,92,94,95,94,91,93,96,91,91,97,92,90,84
"DlnEW",166,186,209,175,124,111,162,114,137,247,122,168,151,135,112,97,88,92,90,95,109,113,108,106,92,88,114,95,85,104,86,103,110,195,182,228,184,185,181,240,239,248,246,259,219,215,259,226,216,216,257,255,250,213,210,252,254,250,240,250,227,235,228,237,262,260,258,258,261,257,246,246,241,241,265,265,219,216,257,258,267,266,264,267,224,228,267,253,254,255,255,251,250,209,212,255,219,218,258,217,219,256,222,228,225,214,191,197,196,190,191
"DlnVAC",151,116,115,104,100,82,82,91,98,80,50,61,60,57,57,88,89,87,87,87,92,93,88,88,87,86,95,103,95,82,81,74,70,65,73,83,84,87,125,158,152,152,152,132,120,118,118,115,115,111,111,112,111,111,110,112,112,118,114,113,110,109,109,110,112,112,114,115,111,116,115,118,117,118,119,118,114,110,107,107,104,109,108,106,108,108,108,107,106,106,106,106,107,105,105,105,106,106,106,106,104,105,103,103,102,103,112,112,114,106,101
"DlnFAZ",76,74,73,76,71,59,54,38,39,48,62,59,59,66,71,82,85,84,84,78,79,79,77,79,78,77,72,66,74,74,74,82,86,84,75,66,69,81,79,59,86,122,120,114,107,114,115,118,112,101,100,101,101,102,102,101,101,101,101,106,104,106,105,107,105,109,110,110,108,110,113,112,110,109,105,104,98,97,97,97,97,97,97,97,97,97,97,97,98,100,100,100,100,101,100,99,101,101,101,101,99,98,100,100,100,100,102,105,106,100,95
"DDlnHWWA",90,119,102,119,98,93,118,125,115,99,163,146,145,144,150,129,135,135,148,145,143,144,135,135,135,140,144,135,142,139,138,155,140,155,162,179,153,209,191,163,89,127,102,124,125,141,140,136,134,130,130,133,130,136,136,146,150,145,153,142,143,154,154,154,152,150,149,149,148,150,149,149,149,148,151,151,146,148,149,149,149,149,149,149,145,144,142,147,146,146,146,146,144,142,143,146,145,145,144,144,144,144,140,138,139,147,143,149,154,152,141
"DDlnHWWAR",91,117,103,120,99,92,120,129,116,100,165,148,148,146,151,128,136,134,149,146,145,145,137,137,137,143,258,137,144,141,141,156,142,160,164,186,154,212,197,168,90,130,105,125,127,143,141,138,136,132,132,135,132,138,138,147,153,147,154,143,144,155,155,155,155,151,150,150,149,151,150,150,150,150,152,152,147,150,151,150,150,150,150,150,146,145,144,148,147,147,147,147,145,143,144,147,146,146,146,146,145,145,141,139,140,149,145,152,155,154,144
"DDlnHWWA.E",103,122,109,137,107,101,128,147,142,120,175,152,153,161,167,140,157,155,168,164,161,160,151,149,149,152,152,151,169,165,163,176,158,163,171,159,161,230,208,162,128,154,136,140,138,161,164,158,157,164,163,163,161,170,173,170,178,163,169,162,164,172,175,175,174,172,172,171,167,175,167,170,171,165,182,182,164,175,169,174,169,170,170,171,164,166,161,182,173,168,169,169,167,169,165,167,167,167,166,166,167,173,167,175,165,174,177,188,190,193,184
"DDlnHWWA.ER",102,121,108,138,108,100,130,149,143,123,176,153,156,162,168,138,156,153,167,163,162,161,152,151,150,153,170,153,172,166,165,179,160,167,174,164,162,235,212,166,126,155,137,141,139,160,163,160,158,165,164,165,162,171,175,171,180,164,170,163,165,171,174,174,173,171,173,172,168,177,169,171,172,168,183,183,165,176,170,175,170,171,171,172,165,167,160,181,174,169,168,168,166,168,164,166,166,166,165,165,166,172,168,174,164,175,179,189,191,192,185
"DDlnHWWA.EX",184,187,216,237,239,256,231,216,203,192,221,265,258,250,235,259,211,217,201,195,174,171,176,176,176,177,177,174,149,158,153,178,169,126,133,226,216,168,165,204,189,188,131,172,153,179,181,203,178,201,201,202,199,211,214,204,198,193,213,203,196,200,204,206,202,204,211,212,204,216,218,217,217,216,222,222,206,213,203,208,209,206,206,211,205,204,205,216,201,201,201,201,200,199,196,196,196,196,196,196,195,204,202,202,198,200,202,208,207,208,208
"DDlnHWWA.EXR",195,190,226,240,243,264,232,212,201,193,222,260,265,251,234,264,214,224,206,200,177,174,178,179,178,178,200,175,147,156,151,172,170,125,131,224,220,158,163,205,183,186,130,163,150,178,178,202,176,199,196,200,196,210,211,202,195,191,212,199,191,198,200,202,197,201,208,207,201,211,217,214,215,214,219,221,203,211,202,205,204,204,203,208,203,202,202,213,198,198,198,197,198,197,192,194,194,194,194,194,194,202,200,199,194,199,200,204,205,206,204
"DDlnOIL",177,154,167,147,143,149,174,152,154,191,180,145,157,166,162,164,181,169,177,171,169,172,173,172,171,170,179,191,171,170,169,163,163,177,176,199,228,186,149,126,164,128,147,138,174,169,166,164,161,157,156,164,166,157,159,169,167,165,157,157,166,160,161,161,161,160,160,158,160,159,158,158,157,157,160,158,168,164,171,173,174,175,174,173,170,172,179,184,170,172,172,170,170,170,173,174,170,170,169,167,174,179,160,169,163,170,166,177,184,179,172
"DDlnOILR",109,128,114,143,111,106,143,151,147,125,172,154,160,160,165,141,152,150,158,155,159,159,149,148,148,151,180,149,156,155,154,167,155,145,154,156,166,215,195,151,125,150,138,139,136,158,159,154,151,159,158,159,153,165,166,165,170,162,164,160,159,164,167,170,165,166,167,166,162,163,161,163,162,159,172,171,160,163,162,164,163,163,164,165,160,158,157,168,168,164,164,163,161,162,156,157,157,158,156,156,158,162,162,162,157,167,170,183,182,184,170
"DDlnCPI",163,170,176,239,202,186,252,249,248,248,261,222,232,261,258,185,196,193,209,210,226,255,264,265,261,264,260,243,227,234,231,217,242,234,233,214,261,167,252,259,193,253,202,201,188,197,200,233,227,237,231,237,235,243,244,241,235,243,248,227,220,221,213,216,212,215,227,223,217,227,224,225,228,226,229,229,208,220,224,224,208,227,227,224,221,218,204,211,226,215,207,207,209,204,203,209,207,207,208,205,206,216,223,215,218,231,227,229,231,223,232
"DDlnCPI.EX",135,168,206,163,195,212,211,174,174,138,258,106,117,134,135,244,247,260,266,264,237,211,162,162,157,159,155,184,161,164,155,173,168,184,187,138,196,160,217,219,198,233,261,264,262,261,254,249,251,263,260,267,262,266,267,256,261,245,253,262,258,258,252,257,259,257,267,267,259,259,262,267,247,243,266,256,259,257,266,266,265,258,258,265,249,255,263,256,263,251,252,252,257,255,252,254,255,255,253,241,245,240,254,250,250,250,248,253,247,253,251
"DDlnTARIF",153,210,218,228,240,255,267,241,242,141,196,172,174,155,148,218,195,189,171,170,196,202,219,222,222,220,228,233,238,228,224,237,190,260,252,258,189,258,267,256,200,261,258,249,224,258,267,263,263,267,265,263,260,249,250,265,265,241,252,246,243,245,246,248,255,249,251,250,246,225,234,239,238,237,251,253,240,248,254,253,246,243,243,246,247,243,243,241,238,245,246,245,247,250,248,251,246,246,242,244,243,249,248,255,244,243,237,232,249,240,246
